['Afsar Zazai', '', 5, 172, 412, 7, '-', '-', '-', 2018, 2021, 29, 1148, 31.88, 0, '-', 1993, 0, 5, 0]
['Asghar Afghan', 'Right arm medium fast', 6, 440, 771, 10, 18, 17, 0, 2018, 2021, 29, 1861, 44.3, 0, '-', 1987, 4, 0, 0]
['Hashmatullah Shahidi', 'Right arm offbreak', 5, 353, 803, 6, '-', '-', '-', 2018, 2021, 20, 1489, 49.63, 14, 29.5, 1994, 0, 0, 0]
['Javed Ahmadi', 'Right arm offbreak', 3, 113, 202, 6, 150, 69, 1, 2018, 2021, 17, 941, 32.44, 10, 35.9, 1992, 0, 0, 6]
['Mohammad Nabi', 'Right arm offbreak', 3, 33, 68, 6, 546, 254, 8, 2018, 2019, 35, 1284, 24.22, 94, 23.17, 1985, 0, 0, 0]
['Mohammad Shahzad', '', 2, 69, 133, 4, '-', '-', '-', 2018, 2019, 22, 1651, 50.03, '-', '-', 1987, 0, 0, 4]
['Mujeeb Ur Rahman', 'Right arm offbreak', 1, 18, 17, 2, 90, 75, 1, 2017, 2021, 1, 18, 9.0, 1, 75.0, 2001, 0, 0, 0]
['Rahmat Shah', 'Legbreak googly', 6, 385, 696, 12, 18, 9, 0, 2018, 2021, 20, 1172, 40.41, 15, 29.33, 1993, 0, 0, 0]
['Rashid Khan', 'Legbreak googly', 5, 106, 133, 7, 1534, 760, 34, 2018, 2021, 9, 231, 23.1, 69, 18.65, 1998, 2, 0, 0]
['Wafadar Momand', 'Right arm medium', 2, 12, 33, 2, 222, 155, 2, 2018, 2019, 10, 53, 7.57, 20, 32.7, 1999, 0, 0, 0]
['Yamin Ahmadzai', 'Right arm medium fast', 5, 32, 91, 9, 531, 264, 11, 2018, 2021, 35, 322, 7.15, 108, 22.39, 1992, 0, 0, 0]
['Ihsanullah', '', 3, 110, 253, 5, '-', '-', '-', 2019, 2019, 13, 1040, 54.73, 0, '-', 1997, 0, 0, 4]
['Ikram Alikhil', '', 1, 7, 40, 1, '-', '-', '-', 2019, 2019, 12, 526, 37.57, '-', '-', 2000, 0, 1, 0]
['Waqar Salamkheil', 'Left arm wrist spin', 1, 1, 4, 0, 186, 101, 4, 2017, 2019, 12, 110, 10.0, 74, 24.48, 2001, 0, 0, 0]
['Ibrahim Zadran', 'Right arm medium fast', 4, 356, 769, 8, 12, 13, 1, 2019, 2021, 18, 1156, 41.28, 3, 24.66, 2001, 0, 0, 8]
['Qais Ahmad', 'Legbreak', 1, 23, 41, 2, 54, 28, 1, 2018, 2019, 12, 226, 15.06, 68, 20.51, 2000, 0, 0, 0]
['Zahir Khan', 'Left arm wrist spin', 3, 0, 28, 3, 336, 239, 7, 2019, 2021, 15, 26, 2.88, 71, 21.11, 1998, 0, 0, 0]
['Amir Hamza', 'Slow left arm orthodox', 3, 72, 178, 2, 743, 342, 16, 2019, 2021, 16, 235, 11.19, 90, 21.64, 1991, 0, 0, 0]
['Nasir Jamal', 'Legbreak googly', 2, 76, 147, 2, '-', '-', '-', 2019, 2021, 21, 1190, 47.6, 0, '-', 1993, 0, 0, 0]
['Abdul Malik (1)', 'Right arm offbreak', 1, 0, 4, 2, '-', '-', '-', 2017, 2021, 19, 1383, 43.21, 0, '-', 1998, 0, 0, 2]
['Abdul Wasi', 'Legbreak', 1, 12, 70, 2, 53, 23, 0, 2018, 2021, 19, 835, 30.92, 80, 27.9, 2002, 0, 0, 0]
['Munir Ahmad', '', 1, 13, 33, 2, '-', '-', '-', 2017, 2021, 28, 2318, 49.31, '-', '-', 1996, 0, 0, 0]
['Sayed Shirzad', 'Left arm medium', 1, '-', '-', 0, 252, 97, 3, 2019, 2019, 16, 116, 6.82, 52, 25.78, 1994, 0, 0, 0]
['Shahidullah', 'Slow left arm orthodox', 1, 0, 3, 1, 30, 6, 0, 2017, 2021, 22, 1845, 57.65, 20, 43.5, 1999, 0, 0, 0]
