['Akram Khan', 'Right arm medium', 8, 259, 686, 16, '-', '-', '-', 2000, 2003, 43, 2117, 29.0, 1, 23.0, 1968, 0, 0, 0]
['Al Sahariar', 'Legbreak', 15, 683, 1329, 30, '-', '-', '-', 2000, 2003, 68, 3596, 29.96, 3, 90.66, 1978, 0, 0, 21]
['Aminul Islam', 'Right arm offbreak', 13, 530, 1520, 25, 198, 149, 1, 2000, 2002, 40, 1940, 30.79, 8, 60.5, 1968, 0, 0, 0]
['Habibul Bashar', 'Right arm offbreak', 50, 3026, 5020, 98, 282, 217, 0, 2000, 2008, 91, 5571, 33.76, 8, 65.87, 1972, 18, 0, 0]
['Hasibul Hossain', 'Right arm fast medium', 5, 97, 124, 9, 780, 571, 6, 2000, 2001, 52, 863, 11.82, 172, 27.43, 1977, 0, 0, 0]
['Khaled Mashud', '', 44, 1409, 4136, 74, '-', '-', '-', 2000, 2007, 114, 4374, 24.99, 0, '-', 1976, 12, 44, 0]
['Mehrab Hossain', 'Right arm medium', 9, 241, 738, 18, 12, 5, 0, 2000, 2003, 61, 2838, 28.38, 19, 36.47, 1978, 0, 1, 16]
['Mohammad Rafique', 'Slow left arm orthodox', 33, 1059, 1630, 57, 8744, 4076, 100, 2000, 2008, 62, 1748, 18.02, 237, 28.01, 1970, 0, 0, 0]
['Naimur Rahman', 'Right arm offbreak', 8, 210, 458, 14, 1321, 718, 12, 2000, 2002, 34, 1151, 20.19, 103, 31.28, 1974, 7, 0, 0]
['Ranjan Das', 'Left arm fast medium', 1, 2, 31, 2, 132, 72, 1, 2000, 2000, 19, 133, 7.0, 36, 41.25, 1982, 0, 0, 0]
['Shahriar Hossain', 'Right arm offbreak', 3, 99, 238, 5, '-', '-', '-', 2000, 2004, 16, 947, 35.07, 0, '-', 1976, 0, 0, 5]
['Javed Omar', 'Legbreak', 40, 1720, 4509, 78, 6, 12, 0, 2001, 2007, 102, 5353, 28.77, 2, 82.5, 1976, 0, 0, 78]
['Manjural Islam', 'Left arm fast medium', 17, 81, 374, 22, 2970, 1605, 28, 2001, 2004, 52, 401, 7.16, 95, 38.93, 1979, 0, 0, 0]
['Mohammad Sharif', 'Right arm medium fast', 10, 122, 282, 17, 1651, 1106, 14, 2001, 2007, 132, 3222, 19.06, 393, 28.03, 1985, 0, 0, 0]
['Mushfiqur Rahman', 'Right arm fast medium', 10, 232, 755, 17, 1365, 823, 13, 2001, 2004, 66, 2448, 25.5, 133, 28.2, 1977, 0, 0, 0]
['Enamul Haque', 'Slow left arm orthodox', 10, 180, 520, 15, 2230, 1027, 18, 2001, 2003, 34, 1033, 24.02, 129, 26.54, 1966, 0, 0, 0]
['Mohammad Ashraful', 'Right arm offbreak, Legbreak', 61, 2737, 5940, 114, 1733, 1271, 21, 2001, 2013, 165, 8443, 29.41, 198, 35.1, 1984, 13, 0, 1]
['Khaled Mahmud', 'Right arm medium', 12, 266, 455, 22, 1620, 832, 13, 2001, 2003, 46, 1767, 25.24, 97, 31.58, 1971, 9, 0, 0]
['Mashrafe Mortaza', 'Right arm fast medium', 36, 797, 1186, 62, 5990, 3239, 78, 2001, 2009, 57, 1458, 15.67, 135, 35.05, 1983, 1, 0, 0]
['Sanwar Hossain', 'Right arm offbreak', 9, 345, 743, 18, 444, 310, 5, 2001, 2003, 42, 2103, 31.38, 42, 27.52, 1973, 0, 0, 0]
['Fahim Muntasir', 'Right arm offbreak', 3, 52, 86, 6, 576, 342, 5, 2002, 2002, 37, 1238, 22.1, 107, 28.75, 1980, 0, 0, 0]
['Alamgir Kabir', 'Right arm medium fast', 3, 8, 86, 4, 261, 221, 0, 2002, 2004, 54, 603, 9.88, 182, 25.71, 1981, 0, 0, 0]
['Ehsanul Haque', 'Right arm offbreak', 1, 7, 31, 2, 18, 18, 0, 2002, 2003, 63, 4017, 39.0, 46, 37.89, 1979, 0, 0, 0]
['Hannan Sarkar', 'Right arm medium', 17, 662, 1419, 33, '-', '-', '-', 2002, 2004, 92, 4267, 25.24, 36, 42.88, 1982, 0, 0, 32]
['Talha Jubair', 'Right arm medium', 7, 52, 97, 8, 1090, 771, 14, 2002, 2004, 73, 925, 10.63, 222, 26.86, 1985, 0, 0, 0]
['Alok Kapali', 'Legbreak', 17, 584, 1201, 33, 1103, 709, 6, 2002, 2006, 168, 9093, 34.57, 216, 32.49, 1984, 0, 0, 0]
['Tapash Baisya', 'Right arm fast medium', 21, 384, 769, 34, 3370, 2137, 36, 2002, 2005, 85, 1878, 15.02, 192, 32.37, 1982, 0, 0, 0]
['Tushar Imran', '', 5, 89, 263, 10, 60, 48, 0, 2002, 2007, 179, 11922, 43.35, 30, 50.83, 1983, 0, 0, 0]
['Rafiqul Islam', '', 1, 7, 53, 2, '-', '-', '-', 2002, 2002, 46, 2164, 27.74, 1, 40.0, 1977, 0, 0, 0]
['Anwar Hossain', '', 1, 14, 44, 2, '-', '-', '-', 2002, 2002, 71, 2339, 20.33, 1, 133.0, 1983, 0, 0, 2]
['Mohammad Salim', '', 2, 49, 128, 3, '-', '-', '-', 2003, 2003, 65, 1750, 17.15, 3, 32.66, 1981, 0, 2, 0]
['Anwar Hossain Monir', 'Right arm fast medium', 3, 22, 73, 3, 348, 307, 0, 2003, 2005, 30, 219, 7.55, 76, 31.39, 1981, 0, 0, 0]
['Rajin Saleh', 'Right arm offbreak', 24, 1141, 3182, 44, 438, 268, 2, 2003, 2008, 148, 8481, 36.08, 9, 104.66, 1983, 0, 0, 2]
['Enamul Haque jnr', 'Slow left arm orthodox', 15, 59, 271, 10, 3555, 1787, 44, 2003, 2013, 133, 2125, 14.45, 488, 30.43, 1986, 0, 0, 0]
['Manjural Islam Rana', 'Slow left arm orthodox', 6, 257, 692, 10, 749, 401, 5, 2004, 2004, 46, 2466, 36.26, 127, 25.97, 1984, 0, 0, 0]
['Faisal Hossain', 'Slow left arm orthodox', 1, 7, 27, 2, '-', '-', '-', 2004, 2010, 114, 6657, 38.25, 84, 42.45, 1978, 0, 0, 0]
['Tareq Aziz', 'Right arm medium fast', 3, 22, 147, 2, 360, 261, 1, 2004, 2004, 69, 819, 14.12, 226, 26.9, 1983, 0, 0, 0]
['Nafees Iqbal', 'Right arm medium', 11, 518, 1332, 22, '-', '-', '-', 2004, 2006, 120, 6202, 29.96, 12, 31.33, 1985, 0, 0, 20]
['Aftab Ahmed', 'Right arm medium', 16, 582, 1173, 28, 344, 237, 5, 2004, 2010, 61, 2502, 24.52, 38, 30.5, 1985, 0, 0, 0]
['Nazmul Hossain', 'Right arm medium fast', 2, 16, 21, 2, 329, 194, 5, 2004, 2011, 52, 610, 10.51, 96, 30.72, 1987, 0, 0, 0]
['Mushfiqur Rahim', '', 74, 4685, 9773, 126, '-', '-', '-', 2005, 2021, 119, 7068, 37.39, 1, 51.0, 1987, 34, 55, 0]
['Shahadat Hossain', 'Right arm medium fast', 38, 521, 1134, 52, 5380, 3731, 72, 2005, 2015, 112, 1271, 10.68, 258, 36.58, 1986, 0, 0, 0]
['Shahriar Nafees', '', 24, 1267, 2268, 48, '-', '-', '-', 2005, 2013, 124, 8141, 38.4, 0, '-', 1985, 0, 0, 20]
['Syed Rasel', 'Left arm medium fast', 6, 37, 95, 8, 879, 573, 12, 2005, 2007, 66, 1126, 14.81, 185, 27.31, 1984, 0, 0, 0]
['Abdur Razzak', 'Slow left arm orthodox', 13, 248, 382, 16, 3015, 1673, 28, 2006, 2018, 137, 2817, 16.96, 634, 28.52, 1982, 0, 0, 0]
['Shakib Al Hasan', 'Slow left arm orthodox', 57, 3930, 6374, 99, 13056, 6553, 210, 2007, 2021, 93, 5845, 37.46, 310, 30.09, 1987, 14, 0, 0]
['Mehrab Hossain jnr', 'Slow left arm orthodox', 7, 243, 476, 12, 407, 281, 4, 2007, 2009, 122, 6613, 34.62, 53, 52.49, 1987, 0, 0, 0]
['Junaid Siddique', 'Right arm offbreak', 19, 969, 2341, 37, 18, 11, 0, 2008, 2012, 137, 7985, 35.02, 1, 179.0, 1987, 0, 0, 13]
['Sajedul Islam', 'Left arm medium', 3, 18, 47, 6, 330, 232, 3, 2008, 2013, 99, 1723, 17.94, 241, 28.35, 1988, 0, 0, 0]
['Tamim Iqbal', '', 64, 4788, 8290, 121, 30, 20, 0, 2008, 2021, 96, 7508, 44.42, 0, '-', 1989, 1, 0, 122]
['Naeem Islam', 'Right arm offbreak', 8, 416, 1110, 13, 574, 303, 1, 2008, 2012, 146, 8962, 42.27, 52, 48.5, 1986, 0, 0, 0]
['Mahbubul Alam', 'Right arm medium fast', 4, 5, 72, 4, 587, 314, 5, 2008, 2008, 53, 297, 6.9, 141, 27.16, 1983, 0, 0, 0]
['Imrul Kayes', 'Slow left arm orthodox', 39, 1797, 3742, 74, 24, 12, 0, 2008, 2019, 117, 7019, 34.4, 3, 77.66, 1987, 0, 0, 66]
['Raqibul Hasan', 'Legbreak', 9, 336, 835, 17, 42, 17, 1, 2008, 2011, 116, 6672, 37.48, 6, 50.0, 1987, 0, 0, 0]
['Mahmudullah', 'Right arm offbreak', 49, 2764, 5178, 87, 3399, 1949, 43, 2009, 2020, 113, 6407, 34.82, 143, 35.08, 1986, 6, 0, 0]
['Rubel Hossain', 'Right arm fast', 27, 265, 603, 28, 4223, 2764, 36, 2009, 2020, 60, 555, 9.25, 97, 54.03, 1990, 0, 0, 0]
['Shafiul Islam', 'Right arm fast medium', 11, 211, 439, 20, 1734, 942, 17, 2010, 2017, 62, 865, 12.91, 164, 29.51, 1989, 0, 0, 0]
['Jahurul Islam', 'Right arm offbreak', 7, 347, 902, 13, '-', '-', '-', 2010, 2013, 139, 7764, 35.61, 1, 19.0, 1986, 0, 0, 8]
['Robiul Islam', 'Right arm fast medium', 9, 99, 203, 11, 1860, 992, 25, 2010, 2014, 77, 617, 8.94, 224, 30.78, 1986, 0, 0, 0]
['Elias Sunny', 'Slow left arm orthodox', 4, 38, 143, 5, 863, 518, 12, 2011, 2013, 97, 2823, 22.05, 343, 28.32, 1986, 0, 0, 0]
['Nasir Hossain', 'Right arm offbreak', 19, 1044, 1917, 30, 924, 442, 8, 2011, 2017, 91, 5462, 39.29, 81, 33.33, 1991, 0, 0, 0]
['Sohrawordi Shuvo', 'Slow left arm orthodox', 1, 15, 40, 2, 297, 146, 4, 2010, 2011, 100, 4185, 34.02, 338, 27.57, 1988, 0, 0, 0]
['Nazimuddin', 'Right arm medium', 3, 125, 320, 6, '-', '-', '-', 2011, 2012, 104, 6269, 36.66, 2, 68.5, 1985, 0, 0, 6]
['Sohag Gazi', 'Right arm offbreak', 10, 325, 529, 15, 3151, 1599, 38, 2012, 2014, 93, 4055, 30.26, 338, 34.39, 1991, 0, 0, 0]
['Abul Hasan', 'Right arm medium fast', 3, 165, 278, 2, 528, 371, 3, 2012, 2013, 35, 1135, 26.39, 73, 33.46, 1992, 0, 0, 0]
['Anamul Haque', '', 4, 73, 220, 8, '-', '-', '-', 2013, 2014, 95, 7083, 46.9, 2, 41.5, 1992, 0, 0, 6]
['Mominul Haque', 'Slow left arm orthodox', 44, 3279, 6032, 77, 625, 394, 4, 2013, 2021, 112, 7722, 41.51, 16, 79.06, 1991, 8, 0, 0]
['Ziaur Rahman', 'Right arm fast medium', 1, 14, 40, 2, 180, 71, 4, 2013, 2014, 123, 4670, 27.63, 210, 25.81, 1986, 0, 0, 0]
['Marshall Ayub', 'Legbreak', 3, 125, 291, 6, 60, 53, 0, 2013, 2014, 140, 8146, 37.36, 44, 39.5, 1988, 0, 0, 0]
['Al-Amin Hossain', 'Right arm medium fast', 7, 90, 127, 4, 1016, 545, 9, 2013, 2019, 57, 351, 8.35, 157, 27.47, 1990, 0, 0, 0]
['Shamsur Rahman', '', 6, 305, 640, 12, 6, 5, 0, 2014, 2014, 128, 8007, 37.41, 21, 43.33, 1988, 0, 0, 12]
['Shuvagata Hom', 'Right arm offbreak', 8, 244, 437, 11, 846, 506, 8, 2014, 2016, 97, 5268, 38.45, 213, 30.83, 1986, 0, 0, 0]
['Taijul Islam', 'Slow left arm orthodox', 33, 467, 1244, 47, 8535, 4419, 134, 2014, 2021, 79, 1188, 12.5, 330, 29.65, 1992, 0, 0, 0]
['Jubair Hossain', 'Legbreak', 6, 13, 88, 3, 715, 493, 16, 2014, 2015, 24, 49, 3.26, 67, 32.62, 1995, 0, 0, 0]
['Mohammad Shahid', 'Right arm medium fast', 5, 57, 81, 5, 630, 288, 5, 2015, 2015, 44, 720, 15.65, 93, 32.72, 1988, 0, 0, 0]
['Soumya Sarkar', 'Right arm medium fast', 16, 831, 1442, 30, 508, 336, 4, 2015, 2021, 71, 3499, 29.65, 35, 45.31, 1993, 0, 0, 20]
['Liton Das', '', 24, 1134, 1958, 40, '-', '-', '-', 2015, 2021, 71, 5421, 47.97, '-', '-', 1994, 0, 18, 10]
['Mustafizur Rahman', 'Left arm fast medium', 14, 59, 149, 13, 2013, 1102, 30, 2015, 2021, 35, 142, 5.91, 91, 26.68, 1995, 0, 0, 0]
['Kamrul Islam Rabbi', 'Right arm medium fast', 7, 51, 281, 9, 750, 504, 8, 2016, 2018, 84, 969, 11.13, 168, 41.1, 1991, 0, 0, 0]
['Mehidy Hasan Miraz', 'Right arm offbreak', 26, 894, 1741, 43, 6554, 3587, 104, 2016, 2021, 44, 1577, 26.28, 175, 30.17, 1997, 0, 0, 0]
['Sabbir Rahman', 'Legbreak', 11, 481, 875, 20, 144, 98, 0, 2016, 2018, 65, 2932, 30.22, 16, 46.93, 1991, 0, 0, 0]
['Subashis Roy', 'Right arm fast medium', 4, 14, 60, 1, 749, 465, 9, 2017, 2017, 67, 171, 3.71, 172, 30.33, 1988, 0, 0, 0]
['Taskin Ahmed', 'Right arm fast', 7, 81, 219, 12, 1340, 947, 15, 2017, 2021, 29, 269, 9.96, 86, 33.01, 1995, 0, 0, 0]
['Najmul Hossain Shanto', 'Right arm offbreak', 8, 430, 1016, 15, 4, 13, 0, 2017, 2021, 48, 3234, 42.55, 4, 61.25, 1998, 0, 0, 0]
['Nurul Hasan', '', 3, 115, 186, 6, '-', '-', '-', 2017, 2018, 89, 4362, 38.26, 1, 36.0, 1993, 0, 3, 0]
['Mosaddek Hossain', 'Right arm offbreak', 3, 164, 350, 4, 90, 49, 0, 2017, 2019, 39, 3097, 57.35, 29, 50.96, 1995, 0, 0, 0]
['Sunzamul Islam', 'Slow left arm orthodox', 1, 24, 56, 1, 270, 153, 1, 2017, 2018, 84, 2476, 23.35, 317, 29.14, 1990, 0, 0, 0]
['Abu Jayed', 'Right arm fast medium', 12, 28, 135, 12, 1868, 1054, 30, 2018, 2021, 91, 541, 7.61, 262, 29.97, 1993, 0, 0, 0]
['Ariful Haque', 'Right arm medium fast', 2, 88, 159, 3, 66, 24, 1, 2018, 2018, 89, 4146, 33.98, 122, 34.28, 1992, 0, 0, 0]
['Nazmul Islam', 'Slow left arm orthodox', 1, 4, 16, 2, 174, 76, 4, 2018, 2018, 63, 593, 9.56, 179, 32.0, 1992, 0, 0, 0]
['Mohammad Mithun', '', 10, 333, 752, 18, '-', '-', '-', 2018, 2021, 103, 5378, 33.82, 4, 28.25, 1991, 0, 0, 0]
['Khaled Ahmed', 'Right arm medium', 2, 4, 19, 1, 360, 242, 0, 2018, 2019, 26, 142, 8.35, 54, 36.72, 1992, 0, 0, 0]
['Nayeem Hasan', 'Right arm offbreak', 7, 109, 248, 7, 1322, 656, 25, 2018, 2021, 28, 457, 17.57, 115, 29.2, 2000, 0, 0, 0]
['Shadman Islam', 'Slow left arm orthodox', 7, 339, 818, 13, '-', '-', '-', 2018, 2021, 55, 3776, 44.95, 0, '-', 1995, 0, 0, 13]
['Ebadat Hossain', 'Right arm fast medium', 7, 4, 35, 6, 978, 635, 7, 2019, 2021, 32, 75, 2.67, 85, 33.76, 1994, 0, 0, 0]
['Saif Hassan', 'Right arm offbreak', 4, 84, 161, 7, 36, 27, 1, 2020, 2021, 46, 2706, 41.63, 14, 29.85, 1998, 0, 0, 7]
['Shoriful Islam', 'Left arm medium fast', 1, 0, 10, 1, 180, 99, 1, 2021, 2021, 9, 29, 4.83, 23, 25.82, 2001, 0, 0, 0]
