['FT Badcock', 'Right arm fast medium', 7, 137, '', 7, 1608, 610, 16, 1930, 1933, 53, 2383, 25.62, 221, 23.57, 1897, 0, 0, 0]
['RC Blunt', 'Legbreak', 9, 330, '', 12, 936, 472, 12, 1930, 1932, 123, 7953, 40.99, 213, 31.16, 1900, 0, 0, 0]
['CS Dempster', '', 10, 723, '', 11, 5, 10, 0, 1930, 1933, 184, 12145, 44.98, 8, 37.5, 1903, 0, 0, 14]
['GR Dickinson', 'Right arm fast', 3, 31, '', 5, 451, 245, 8, 1930, 1932, 39, 1013, 18.75, 150, 26.96, 1903, 0, 0, 0]
['H Foley', '', 1, 4, '', 2, '-', '-', '-', 1930, 1930, 15, 670, 33.5, 4, 34.5, 1906, 0, 0, 2]
['M Henderson', 'Left arm fast medium', 1, 8, '', 1, 90, 64, 2, 1930, 1930, 41, 495, 14.14, 107, 29.9, 1895, 0, 0, 0]
['KC James', '', 11, 52, '', 11, '-', '-', '-', 1930, 1933, 205, 6413, 22.19, 0, '-', 1904, 0, 11, 0]
['TC Lowry', '', 7, 223, '', 8, 12, 5, 0, 1930, 1931, 198, 9421, 31.19, 49, 27.0, 1898, 7, 0, 0]
['WE Merritt', 'Legbreak googly', 6, 73, '', 7, 936, 617, 12, 1930, 1931, 125, 3147, 19.91, 537, 25.45, 1908, 0, 0, 0]
['ML Page', 'Right arm slow', 14, 492, '', 20, 379, 231, 5, 1930, 1937, 132, 5857, 29.88, 73, 32.38, 1902, 7, 0, 0]
['AW Roberts', 'Right arm medium', 5, 248, '', 9, 459, 209, 7, 1930, 1937, 84, 3645, 30.88, 167, 28.51, 1909, 0, 0, 0]
['EG McLeod', 'Legbreak', 1, 18, '', 1, 12, 5, 0, 1930, 1930, 28, 1407, 32.72, 20, 33.2, 1900, 0, 0, 0]
['JE Mills', '', 7, 241, '', 9, '-', '-', '-', 1930, 1933, 97, 5025, 32.84, 4, 30.75, 1905, 0, 0, 10]
['GL Weir', 'Right arm medium', 11, 416, '', 14, 342, 209, 7, 1930, 1937, 107, 5022, 32.19, 107, 37.3, 1908, 0, 0, 4]
['CFW Allcott', 'Slow left arm orthodox', 6, 113, '', 5, 1206, 541, 6, 1930, 1932, 82, 2514, 27.93, 220, 26.78, 1896, 0, 0, 0]
['HM McGirr', 'Right arm medium', 2, 51, '', 1, 180, 115, 1, 1930, 1930, 88, 3992, 28.71, 239, 27.49, 1891, 0, 0, 0]
['AM Matheson', 'Right arm medium', 2, 7, '', 1, 282, 136, 2, 1930, 1931, 69, 1844, 23.64, 194, 28.53, 1906, 0, 0, 0]
['IB Cromb', 'Right arm fast medium', 5, 123, '', 6, 960, 442, 8, 1931, 1932, 88, 3950, 29.04, 222, 27.71, 1905, 0, 0, 0]
['JL Kerr', 'Right arm medium', 7, 212, '', 11, '-', '-', '-', 1931, 1937, 89, 4829, 32.19, 2, 23.0, 1910, 0, 0, 3]
['HG Vivian', 'Slow left arm orthodox', 7, 421, '', 10, 1311, 633, 17, 1931, 1937, 85, 4443, 34.71, 223, 27.64, 1912, 0, 0, 6]
['DC Cleverley', 'Right arm fast medium', 2, 19, '', 1, 222, 130, 0, 1932, 1946, 30, 159, 5.3, 99, 29.08, 1909, 0, 0, 0]
['J Newman', 'Left arm medium', 3, 33, '', 4, 425, 254, 2, 1932, 1933, 17, 206, 8.95, 69, 24.76, 1902, 0, 0, 0]
['DL Freeman', 'Legbreak googly', 2, 2, '', 2, 240, 169, 1, 1933, 1933, 5, 28, 4.66, 14, 35.35, 1914, 0, 0, 0]
['HD Smith', 'Right arm fast', 1, 4, '', 1, 120, 113, 1, 1933, 1933, 11, 404, 22.44, 17, 33.52, 1913, 0, 0, 0]
['PE Whitelaw', '', 2, 64, '', 2, '-', '-', '-', 1933, 1933, 49, 2739, 37.52, 0, '-', 1910, 0, 0, 4]
['JA Dunning', '', 4, 38, '', 5, 830, 493, 5, 1933, 1937, 60, 1057, 13.04, 228, 27.58, 1903, 0, 0, 0]
['J Cowie', 'Right arm fast medium', 9, 90, '', 9, 2028, 969, 45, 1937, 1949, 84, 762, 10.16, 359, 22.28, 1912, 0, 0, 0]
['MP Donnelly', 'Slow left arm orthodox', 7, 582, '', 11, 30, 20, 0, 1937, 1949, 131, 9250, 47.43, 43, 39.13, 1917, 0, 0, 0]
['WA Hadlee', 'Right arm medium', 11, 543, '', 18, '-', '-', '-', 1937, 1951, 117, 7523, 40.44, 6, 48.83, 1915, 8, 0, 6]
['DAR Moloney', 'Legbreak', 3, 156, '', 6, 12, 9, 0, 1937, 1937, 64, 3219, 28.74, 95, 33.16, 1910, 0, 0, 2]
['EWT Tindill', '', 5, 73, '', 8, '-', '-', '-', 1937, 1947, 69, 3127, 30.35, 0, '-', 1910, 0, 5, 0]
['WM Wallace', 'Right arm offbreak', 13, 439, '', 21, 6, 5, 0, 1937, 1953, 121, 7757, 44.32, 0, '-', 1916, 2, 0, 0]
['N Gallichan', 'Slow left arm orthodox', 1, 32, '', 2, 264, 113, 3, 1937, 1937, 31, 636, 18.17, 86, 26.09, 1906, 0, 0, 0]
['WM Anderson', 'Legbreak googly', 1, 5, '', 2, '-', '-', '-', 1946, 1946, 37, 1973, 34.61, 18, 38.16, 1919, 0, 0, 2]
['C Burke', 'Legbreak googly', 1, 4, '', 2, 66, 30, 2, 1946, 1946, 60, 959, 17.43, 200, 25.99, 1914, 0, 0, 0]
['LA Butterfield', 'Right arm fast medium', 1, 0, '', 2, 78, 24, 0, 1946, 1946, 18, 589, 22.65, 38, 19.65, 1913, 0, 0, 0]
['DAN McRae', 'Left arm medium', 1, 8, '', 2, 84, 44, 0, 1946, 1946, 17, 354, 15.39, 56, 22.51, 1912, 0, 0, 0]
['CG Rowe', '', 1, 0, '', 2, '-', '-', '-', 1946, 1946, 11, 380, 20.0, 3, 29.33, 1915, 0, 0, 0]
['VJ Scott', 'Right arm bowler', 10, 458, '', 16, 18, 14, 0, 1946, 1952, 80, 5620, 49.73, 10, 27.1, 1916, 0, 0, 9]
['TB Burtt', 'Slow left arm orthodox', 10, 252, '', 12, 2593, 1170, 33, 1947, 1953, 84, 1644, 17.3, 408, 22.19, 1915, 0, 0, 1]
['RH Scott', 'Right arm medium', 1, 18, '', 1, 138, 74, 1, 1947, 1947, 25, 874, 24.97, 94, 25.97, 1917, 0, 0, 0]
['FB Smith', 'Right arm offbreak', 4, 237, '', 5, '-', '-', '-', 1947, 1952, 49, 2643, 33.03, 1, 76.0, 1922, 0, 0, 0]
['CA Snedden', 'Right arm offbreak', 1, '-', '-', 0, 96, 46, 0, 1947, 1947, 9, 44, 8.8, 31, 25.41, 1918, 0, 0, 0]
['B Sutcliffe', 'Slow left arm orthodox', 42, 2727, '', 68, 538, 344, 4, 1947, 1965, 233, 17447, 47.41, 86, 38.05, 1923, 4, 0, 41]
['DD Taylor', 'Right arm offbreak', 3, 159, '', 5, '-', '-', '-', 1947, 1956, 95, 3772, 23.28, 32, 33.21, 1923, 0, 0, 0]
['HB Cave', 'Right arm medium', 19, 229, '', 26, 4074, 1467, 34, 1949, 1958, 117, 2187, 16.08, 362, 23.93, 1922, 9, 0, 0]
['FLH Mooney', 'Right arm bowler', 14, 343, '', 20, 8, 0, 0, 1949, 1954, 91, 3143, 23.11, 0, '-', 1921, 0, 14, 4]
['GO Rabone', 'Right arm offbreak, Legbreak', 12, 562, '', 18, 1385, 635, 16, 1949, 1955, 82, 3425, 28.3, 173, 27.94, 1921, 5, 0, 8]
['JR Reid', 'Right arm fast medium, Right arm offbreak', 58, 3428, '', 103, 7725, 2835, 85, 1949, 1965, 246, 16128, 41.35, 466, 22.6, 1928, 34, 1, 0]
['GF Cresswell', '', 3, 14, '', 2, 650, 292, 13, 1949, 1951, 33, 89, 5.23, 124, 22.53, 1915, 0, 0, 0]
['JA Hayes', 'Right arm fast', 15, 73, '', 15, 2675, 1217, 30, 1951, 1958, 78, 611, 9.54, 292, 23.14, 1927, 0, 0, 1]
['AR MacGibbon', 'Right arm fast medium', 26, 814, '', 41, 5659, 2160, 70, 1951, 1958, 124, 3699, 19.88, 356, 26.12, 1924, 0, 0, 1]
['AM Moir', 'Legbreak googly', 17, 327, '', 22, 2650, 1418, 28, 1951, 1959, 97, 2102, 16.42, 368, 24.56, 1919, 0, 0, 0]
['DD Beard', 'Right arm medium', 4, 101, '', 5, 806, 302, 9, 1952, 1956, 66, 2166, 22.1, 278, 21.58, 1920, 0, 0, 0]
['RWG Emery', 'Right arm medium', 2, 46, '', 4, 46, 52, 2, 1952, 1952, 24, 1177, 29.42, 22, 34.27, 1915, 0, 0, 4]
['JG Leggat', '', 9, 351, '', 16, '-', '-', '-', 1952, 1956, 57, 3634, 37.46, 1, 69.0, 1926, 0, 0, 18]
['RW Blair', 'Right arm fast medium', 19, 189, '', 28, 3525, 1515, 43, 1953, 1964, 119, 1672, 12.29, 537, 18.54, 1932, 0, 0, 0]
['FE Fisher', 'Left arm medium', 1, 23, '', 2, 204, 78, 1, 1953, 1953, 15, 485, 21.08, 53, 23.24, 1924, 0, 0, 0]
['EM Meuli', 'Legbreak', 1, 38, '', 2, '-', '-', '-', 1953, 1953, 42, 1914, 26.21, 11, 29.9, 1926, 0, 0, 0]
