['Amir Elahi', 'Right arm medium, Legbreak', 6, 82, '', 8, 400, 248, 7, 1947, 1952, 125, 2562, 16.85, 513, 25.77, 1908, 0, 0, 1]
['Anwar Hussain', 'Right arm fast medium', 4, 42, '', 6, 36, 29, 1, 1952, 1952, 45, 1511, 26.98, 36, 36.02, 1920, 0, 0, 0]
['Fazal Mahmood', 'Right arm fast medium', 34, 620, '', 44, 9834, 3434, 139, 1952, 1962, 112, 2662, 23.35, 466, 18.96, 1927, 10, 0, 0]
['Hanif Mohammad', 'Right arm offbreak', 55, 3915, '', 89, 206, 95, 1, 1952, 1969, 238, 17059, 52.32, 53, 28.49, 1934, 11, 3, 65]
['Imtiaz Ahmed', 'Right arm offbreak', 41, 2079, '', 71, 6, 0, 0, 1952, 1962, 180, 10391, 37.37, 4, 41.5, 1928, 4, 38, 30]
['Israr Ali', 'Left arm fast medium', 4, 33, '', 7, 318, 165, 6, 1952, 1959, 40, 1130, 20.54, 114, 22.63, 1927, 0, 0, 0]
['AH Kardar', 'Slow left arm orthodox', 26, 927, '', 39, 2712, 954, 21, 1946, 1958, 174, 6832, 29.83, 344, 24.55, 1925, 23, 0, 0]
['Khan Mohammad', 'Right arm fast medium', 13, 100, '', 10, 3157, 1292, 54, 1952, 1958, 54, 544, 11.57, 214, 23.22, 1928, 0, 0, 0]
['Maqsood Ahmed', 'Right arm medium', 16, 507, '', 26, 462, 191, 3, 1952, 1955, 85, 3815, 31.52, 124, 27.86, 1925, 0, 0, 0]
['Nazar Mohammad', 'Right arm bowler', 5, 277, '', 7, 12, 4, 0, 1952, 1952, 45, 2739, 41.5, 5, 51.0, 1921, 0, 0, 8]
['Waqar Hasan', 'Right arm bowler', 21, 1071, '', 34, 6, 10, 0, 1952, 1959, 99, 4741, 35.64, 2, 86.0, 1932, 0, 0, 0]
['Mahmood Hussain', 'Right arm fast medium', 27, 336, '', 33, 5910, 2628, 68, 1952, 1962, 97, 1160, 10.94, 329, 25.28, 1932, 0, 0, 0]
['Zulfiqar Ahmed', 'Right arm offbreak', 9, 200, '', 6, 1285, 366, 20, 1952, 1956, 61, 975, 19.11, 162, 21.96, 1926, 0, 0, 0]
['Wazir Mohammad', 'Right arm bowler', 20, 801, '', 29, 24, 15, 0, 1952, 1959, 105, 4930, 40.4, 0, '-', 1929, 0, 0, 0]
['Alimuddin', 'Legbreak', 25, 1091, '', 43, 84, 75, 1, 1954, 1962, 140, 7275, 32.77, 40, 24.0, 1930, 0, 0, 35]
['Khalid Wazir', 'Right arm fast medium', 2, 14, '', 2, '-', '-', '-', 1954, 1954, 18, 271, 15.05, 14, 53.28, 1936, 0, 0, 0]
['Shujauddin', 'Slow left arm orthodox', 19, 395, '', 26, 2313, 801, 20, 1954, 1962, 101, 3490, 25.28, 319, 21.98, 1930, 0, 0, 4]
['MEZ Ghazali', 'Right arm offbreak', 2, 32, '', 4, 48, 18, 0, 1954, 1954, 47, 1701, 27.43, 61, 34.27, 1924, 0, 0, 0]
['Khalid Hasan', 'Legbreak googly', 1, 17, '', 1, 126, 116, 2, 1954, 1954, 17, 113, 11.3, 28, 38.25, 1937, 0, 0, 0]
['Mohammad Aslam', 'Legbreak', 1, 34, '', 2, '-', '-', '-', 1954, 1954, 46, 1863, 27.8, 20, 28.55, 1920, 0, 0, 0]
['Miran Bakhsh', 'Right arm offbreak', 2, 1, '', 1, 348, 115, 2, 1955, 1955, 15, 53, 3.31, 48, 19.43, 1907, 0, 0, 0]
['Agha Saadat Ali', '', 1, 8, '', 0, '-', '-', '-', 1955, 1955, 17, 325, 13.54, 1, 62.0, 1929, 0, 0, 0]
['W Mathias', 'Right arm medium', 21, 783, '', 33, 24, 20, 0, 1955, 1962, 146, 7520, 44.49, 13, 40.92, 1935, 0, 0, 0]
['Gul Mohammad', 'Left arm medium', 9, 205, '', 16, 77, 24, 2, 1946, 1956, 118, 5614, 33.81, 107, 27.2, 1921, 0, 0, 0]
['Haseeb Ahsan', 'Right arm offbreak', 12, 61, '', 9, 2835, 1330, 27, 1958, 1962, 49, 242, 5.62, 142, 27.71, 1939, 0, 0, 0]
['Nasim-ul-Ghani', 'Left arm medium, Slow left arm orthodox', 29, 747, '', 45, 4406, 1959, 52, 1958, 1973, 117, 4490, 28.41, 343, 25.15, 1941, 0, 0, 2]
['Saeed Ahmed', 'Right arm offbreak', 41, 2991, '', 74, 1980, 802, 22, 1958, 1972, 213, 12847, 40.02, 332, 24.75, 1937, 3, 0, 4]
['SF Rehman', 'Legbreak', 1, 10, '', 2, 204, 99, 1, 1958, 1958, 29, 722, 19.0, 96, 21.32, 1935, 0, 0, 0]
["A D'Souza", 'Right arm medium, Right arm offbreak', 6, 76, '', 2, 1587, 745, 17, 1959, 1962, 61, 815, 18.95, 190, 26.03, 1939, 0, 0, 0]
['Ijaz Butt', '', 8, 279, '', 14, '-', '-', '-', 1959, 1962, 67, 3842, 34.3, 3, 49.33, 1938, 0, 1, 15]
['Mushtaq Mohammad', 'Legbreak googly', 57, 3643, '', 93, 5260, 2309, 79, 1959, 1979, 502, 31091, 42.07, 936, 24.34, 1943, 19, 0, 0]
['DA Sharpe', 'Right arm offbreak', 3, 134, '', 6, '-', '-', '-', 1959, 1959, 37, 1531, 27.33, 1, 100.0, 1937, 0, 0, 0]
['Mohammad Munaf', 'Right arm fast medium', 4, 63, '', 5, 769, 341, 11, 1959, 1962, 71, 1356, 17.61, 180, 24.22, 1935, 0, 0, 0]
['Intikhab Alam', 'Legbreak googly', 47, 1493, '', 67, 10474, 4494, 125, 1959, 1977, 489, 14331, 22.14, 1571, 27.67, 1941, 17, 0, 0]
['Munir Malik', 'Right arm fast medium', 3, 7, '', 3, 684, 358, 9, 1959, 1962, 49, 675, 11.06, 197, 21.75, 1934, 0, 0, 0]
['Javed Burki', 'Right arm medium', 25, 1341, '', 44, 42, 23, 0, 1960, 1969, 177, 9421, 36.37, 35, 44.57, 1938, 5, 0, 4]
['Mohammad Farooq', 'Right arm fast medium', 7, 85, '', 5, 1422, 682, 21, 1960, 1965, 33, 173, 12.35, 123, 26.98, 1938, 0, 0, 0]
['Afaq Hussain', 'Right arm offbreak', 2, 66, '', 0, 240, 106, 1, 1961, 1964, 67, 1448, 24.54, 214, 19.42, 1939, 0, 0, 0]
['Javed Akhtar', 'Right arm offbreak', 1, 4, '', 1, 96, 52, 0, 1962, 1962, 51, 835, 15.75, 187, 18.21, 1940, 0, 0, 0]
['Shahid Mahmood', 'Left arm medium', 1, 25, '', 2, 36, 23, 0, 1962, 1962, 66, 3117, 31.8, 89, 21.64, 1939, 0, 0, 1]
['Abdul Kadir', '', 4, 272, '', 8, '-', '-', '-', 1964, 1965, 36, 1523, 28.73, 0, '-', 1944, 0, 2, 5]
['Asif Iqbal', 'Right arm medium', 58, 3575, '', 92, 3864, 1502, 53, 1964, 1980, 440, 23329, 37.26, 291, 30.15, 1943, 6, 0, 1]
['Khalid Ibadulla', 'Right arm medium, Right arm offbreak', 4, 253, '', 8, 336, 99, 1, 1964, 1967, 417, 17078, 27.28, 462, 30.96, 1935, 0, 0, 8]
['Majid Khan', 'Right arm medium, Right arm offbreak', 63, 3931, '', 101, 3584, 1456, 27, 1964, 1983, 410, 27444, 43.01, 223, 32.14, 1946, 3, 0, 49]
['Pervez Sajjad', 'Slow left arm orthodox', 19, 123, '', 9, 4145, 1410, 59, 1964, 1973, 133, 786, 10.48, 493, 21.8, 1942, 0, 0, 0]
['Shafqat Rana', 'Right arm medium', 5, 221, '', 7, 36, 9, 1, 1964, 1969, 107, 4947, 35.33, 16, 35.0, 1943, 0, 0, 0]
['Arif Butt', 'Right arm fast medium', 3, 59, '', 5, 666, 288, 14, 1964, 1965, 97, 4017, 29.1, 201, 26.74, 1944, 0, 0, 1]
['Farooq Hamid', 'Right arm fast medium', 1, 3, 12, 2, 184, 107, 1, 1964, 1964, 43, 546, 13.0, 111, 25.21, 1945, 0, 0, 0]
['Mohammad Ilyas', 'Legbreak', 10, 441, '', 19, 84, 63, 0, 1964, 1969, 82, 4607, 35.71, 53, 31.0, 1946, 0, 0, 15]
['Naushad Ali', '', 6, 156, '', 11, '-', '-', '-', 1965, 1965, 83, 4322, 36.31, 0, '-', 1943, 0, 6, 11]
['Mufasir-ul-Haq', 'Left arm fast medium', 1, 8, '', 0, 222, 84, 3, 1965, 1965, 50, 286, 7.15, 105, 26.78, 1944, 0, 0, 0]
['Salahuddin', 'Right arm offbreak', 5, 117, '', 6, 546, 187, 7, 1965, 1969, 111, 5729, 41.51, 155, 28.45, 1947, 0, 0, 4]
['Saleem Altaf', 'Right arm fast medium', 21, 276, '', 19, 4001, 1710, 46, 1967, 1978, 143, 3066, 22.71, 336, 28.5, 1944, 0, 0, 0]
['Wasim Bari', 'Right arm bowler', 81, 1366, '', 86, 8, 2, 0, 1967, 1984, 286, 5751, 21.7, 1, 30.0, 1948, 6, 81, 2]
['Niaz Ahmed', 'Right arm fast medium', 2, 17, '', 0, 294, 94, 3, 1967, 1969, 39, 466, 14.56, 62, 38.45, 1945, 0, 0, 0]
['Ghulam Abbas', 'Slow left arm orthodox', 1, 12, 76, 2, '-', '-', '-', 1967, 1967, 102, 5271, 35.61, 7, 32.71, 1947, 0, 0, 0]
['Aftab Gul', 'Legbreak', 6, 182, '', 8, 6, 4, 0, 1969, 1971, 101, 6179, 36.77, 14, 34.5, 1946, 0, 0, 8]
['Asif Masood', 'Right arm medium fast', 16, 93, '', 9, 3038, 1568, 38, 1969, 1977, 121, 635, 8.69, 305, 29.02, 1946, 0, 0, 0]
['Sarfraz Nawaz', 'Right arm fast medium', 55, 1045, '', 59, 13951, 5798, 177, 1969, 1984, 299, 5709, 19.35, 1005, 24.62, 1948, 0, 0, 1]
['Mohammad Nazir', 'Right arm offbreak', 14, 144, '', 8, 3262, 1124, 34, 1969, 1983, 180, 4242, 22.2, 829, 19.26, 1946, 0, 0, 0]
['Sadiq Mohammad', 'Legbreak googly', 41, 2579, '', 72, 200, 98, 0, 1969, 1980, 387, 24160, 37.51, 235, 31.82, 1945, 0, 0, 72]
['Younis Ahmed', 'Left arm medium, Slow left arm orthodox', 4, 177, '', 6, 6, 6, 0, 1969, 1987, 460, 26073, 40.48, 49, 42.87, 1947, 0, 0, 0]
['Zaheer Abbas', 'Right arm offbreak', 78, 5062, '', 113, 370, 132, 3, 1969, 1985, 459, 34843, 51.54, 30, 38.2, 1947, 14, 0, 4]
['Aftab Baloch', 'Right arm offbreak', 2, 97, '', 2, 44, 17, 0, 1969, 1975, 172, 9171, 41.68, 223, 31.62, 1953, 0, 0, 0]
['Imran Khan', 'Right arm fast', 88, 3807, '', 101, 19458, 8258, 362, 1971, 1992, 382, 17771, 36.79, 1287, 22.32, 1952, 48, 0, 0]
['Talat Ali', 'Right arm medium', 10, 370, '', 16, 20, 7, 0, 1972, 1979, 115, 7296, 38.4, 2, 123.5, 1950, 0, 0, 14]
['Wasim Raja', 'Legbreak googly', 57, 2821, '', 78, 4082, 1826, 51, 1973, 1985, 250, 11434, 35.18, 558, 29.05, 1952, 0, 0, 0]
['Shafiq Ahmed', 'Right arm medium', 6, 99, 325, 9, 8, 1, 0, 1974, 1980, 266, 19572, 49.92, 99, 33.53, 1949, 0, 0, 6]
['Agha Zahid', 'Right arm medium', 1, 15, '', 2, '-', '-', '-', 1975, 1975, 227, 13484, 36.84, 108, 32.18, 1953, 0, 0, 2]
['Liaqat Ali', 'Left arm medium fast', 5, 28, '', 4, 808, 359, 6, 1975, 1978, 173, 746, 7.69, 489, 25.63, 1955, 0, 0, 0]
['Javed Miandad', 'Legbreak googly', 124, 8832, '', 168, 1470, 682, 17, 1976, 1993, 402, 28663, 53.37, 191, 34.06, 1957, 34, 0, 3]
['Farrukh Zaman', 'Slow left arm orthodox', 1, '-', '-', 0, 80, 15, 0, 1976, 1976, 137, 1420, 10.51, 403, 27.85, 1956, 0, 0, 0]
['Shahid Israr', '', 1, 7, '', 0, '-', '-', '-', 1976, 1976, 31, 868, 28.0, 0, '-', 1950, 0, 1, 0]
['Sikander Bakht', 'Right arm medium fast', 26, 146, '', 23, 4870, 2412, 67, 1976, 1983, 186, 1944, 14.18, 553, 25.61, 1957, 0, 0, 0]
['Iqbal Qasim', 'Slow left arm orthodox', 50, 549, '', 42, 13019, 4807, 171, 1976, 1988, 246, 2432, 14.47, 999, 20.48, 1953, 0, 0, 0]
['Mudassar Nazar', 'Right arm medium', 76, 4114, '', 108, 5967, 2532, 66, 1976, 1989, 220, 14080, 43.86, 153, 34.51, 1956, 0, 0, 109]
['Haroon Rasheed', 'Right arm medium', 23, 1217, '', 35, 8, 3, 0, 1977, 1983, 149, 7500, 36.23, 8, 32.0, 1953, 0, 0, 3]
['Abdul Qadir', 'Legbreak googly', 67, 1029, '', 66, 17126, 7742, 236, 1977, 1990, 209, 3740, 18.33, 960, 23.24, 1955, 0, 0, 0]
['Mohsin Khan', 'Right arm medium', 48, 2709, '', 73, 86, 30, 0, 1978, 1986, 192, 11274, 38.87, 14, 39.14, 1955, 0, 0, 71]
['Anwar Khan', 'Right arm fast medium', 1, 15, '', 1, 32, 12, 0, 1979, 1979, 102, 2255, 20.87, 209, 29.43, 1955, 0, 0, 0]
['Ehteshamuddin', 'Right arm fast medium', 5, 2, 21, 2, 940, 375, 16, 1979, 1982, 134, 1078, 11.46, 507, 20.65, 1950, 0, 0, 0]
['Taslim Arif', 'Right arm medium', 6, 501, 1042, 8, 30, 28, 1, 1980, 1980, 148, 7568, 33.63, 7, 30.28, 1954, 0, 5, 10]
['Tauseef Ahmed', 'Right arm offbreak', 34, 318, '', 18, 7778, 2950, 93, 1980, 1993, 176, 1944, 14.4, 697, 22.02, 1958, 0, 0, 0]
['Azhar Khan', 'Right arm offbreak', 1, 14, 24, 1, 18, 2, 1, 1980, 1980, 159, 7733, 37.53, 122, 25.62, 1955, 0, 0, 0]
['Azmat Rana', 'Right arm offbreak', 1, 49, 94, 1, '-', '-', '-', 1978, 1978, 94, 6001, 47.62, 1, 134.0, 1951, 0, 0, 0]
['Mansoor Akhtar', 'Right arm medium', 19, 655, 1558, 26, '-', '-', '-', 1980, 1990, 240, 13804, 37.71, 37, 37.83, 1957, 0, 0, 7]
['Ijaz Faqih', 'Right arm offbreak', 5, 183, 474, 7, 534, 299, 4, 1980, 1988, 142, 6058, 32.74, 563, 23.54, 1956, 0, 0, 0]
['Rizwan-uz-Zaman', 'Legbreak googly', 11, 345, '', 18, 132, 46, 4, 1981, 1989, 205, 14452, 43.53, 87, 22.24, 1961, 0, 0, 13]
['Rashid Khan', 'Right arm fast medium', 4, 155, 269, 3, 738, 360, 8, 1982, 1985, 149, 2163, 16.38, 426, 25.74, 1959, 0, 0, 0]
['Saleem Malik', 'Right arm slow medium, Right arm offbreak', 103, 5768, '', 132, 734, 414, 5, 1982, 1999, 269, 16586, 45.94, 93, 35.3, 1963, 12, 0, 0]
['Saleem Yousuf', '', 32, 1055, '', 39, '-', '-', '-', 1982, 1990, 119, 4578, 28.43, 1, 20.0, 1959, 0, 32, 1]
['Tahir Naqqash', 'Right arm fast medium', 15, 300, '', 14, 2800, 1398, 34, 1982, 1985, 68, 1346, 18.43, 163, 32.42, 1959, 0, 0, 1]
['Ashraf Ali', '', 8, 229, '', 5, '-', '-', '-', 1982, 1987, 156, 6850, 38.26, 0, '-', 1958, 0, 8, 0]
['Jalal-ud-Din', 'Right arm fast medium', 6, 3, '', 1, 1197, 537, 11, 1982, 1985, 70, 684, 12.21, 261, 24.14, 1959, 0, 0, 0]
['Azeem Hafeez', 'Left arm fast medium', 18, 134, '', 16, 4351, 2204, 63, 1983, 1985, 85, 923, 11.39, 235, 33.32, 1963, 0, 0, 1]
['Qasim Umar', 'Right arm medium', 26, 1502, '', 41, 6, 0, 0, 1983, 1986, 98, 6809, 42.29, 6, 38.16, 1957, 0, 0, 3]
['Shoaib Mohammad', 'Right arm offbreak', 45, 2705, '', 61, 396, 170, 5, 1983, 1995, 211, 12682, 41.44, 39, 41.58, 1961, 0, 0, 40]
['Anil Dalpat', '', 9, 167, 507, 11, '-', '-', '-', 1984, 1985, 137, 2556, 17.75, 0, '-', 1963, 0, 9, 0]
['Ramiz Raja', 'Legbreak', 57, 2833, '', 89, '-', '-', '-', 1984, 1997, 183, 10392, 36.59, 6, 57.16, 1962, 5, 0, 68]
['Mohsin Kamal', 'Right arm fast', 9, 37, '', 4, 1348, 822, 24, 1984, 1994, 129, 1348, 11.82, 320, 32.46, 1963, 0, 0, 0]
['Manzoor Elahi', 'Right arm fast medium', 6, 123, '', 8, 444, 194, 7, 1984, 1995, 194, 8366, 31.33, 360, 28.26, 1963, 0, 0, 0]
['Wasim Akram', 'Left arm fast', 104, 2898, '', 128, 22627, 9779, 414, 1985, 2002, 257, 7161, 22.73, 1042, 21.64, 1966, 25, 0, 0]
['Zulqarnain', '', 3, 24, '', 4, '-', '-', '-', 1986, 1986, 109, 1345, 12.22, 0, '-', 1962, 0, 3, 0]
['Zakir Khan', 'Right arm fast medium', 2, 9, '', 0, 444, 259, 5, 1986, 1989, 91, 677, 11.67, 294, 24.06, 1963, 0, 0, 0]
['Asif Mujtaba', 'Slow left arm orthodox', 25, 928, 3248, 38, 666, 303, 4, 1986, 1997, 291, 17932, 49.39, 367, 22.83, 1967, 0, 0, 0]
['Saleem Jaffar', 'Left arm fast medium', 14, 42, '', 8, 2531, 1139, 36, 1986, 1992, 81, 379, 8.06, 263, 25.46, 1962, 0, 0, 0]
['Ijaz Ahmed', 'Left arm medium', 60, 3315, '', 88, 180, 77, 2, 1987, 2001, 169, 9889, 38.47, 34, 32.29, 1968, 0, 0, 5]
