['CR Browne', 'Right arm medium', 4, 176, '', 7, 840, 288, 6, 1928, 1930, 74, 2077, 19.97, 278, 22.39, 1890, 0, 0, 0]
['G Challenor', 'Right arm medium', 3, 101, '', 6, '-', '-', '-', 1928, 1928, 95, 5822, 38.55, 54, 23.88, 1888, 0, 0, 6]
['LN Constantine', 'Right arm fast, Right arm medium', 18, 635, '', 33, 3583, 1746, 58, 1928, 1939, 119, 4475, 24.05, 439, 20.48, 1901, 0, 0, 1]
['MP Fernandes', '', 2, 49, '', 4, '-', '-', '-', 1928, 1930, 46, 2087, 28.2, 5, 36.6, 1897, 0, 0, 0]
['GN Francis', 'Right arm fast', 10, 81, '', 14, 1619, 763, 23, 1928, 1933, 62, 874, 12.85, 223, 23.13, 1897, 0, 0, 0]
['HC Griffith', 'Right arm fast', 13, 91, '', 18, 2663, 1243, 44, 1928, 1933, 79, 1204, 15.05, 258, 28.27, 1893, 0, 0, 0]
['FR Martin', 'Slow left arm orthodox', 9, 486, '', 17, 1346, 619, 8, 1928, 1931, 65, 3589, 37.77, 74, 42.55, 1893, 0, 0, 7]
['RK Nunes', '', 4, 245, '', 8, '-', '-', '-', 1928, 1930, 61, 2695, 31.33, 3, 27.66, 1894, 0, 3, 2]
['CA Roach', 'Legbreak', 16, 952, '', 31, 222, 103, 2, 1928, 1935, 98, 4851, 28.04, 5, 105.2, 1904, 0, 0, 28]
['JA Small', 'Right arm medium fast', 3, 79, '', 6, 366, 184, 3, 1928, 1930, 77, 3063, 26.17, 165, 27.81, 1892, 0, 0, 0]
['WH St Hill', 'Right arm medium', 3, 117, '', 6, 12, 9, 0, 1928, 1930, 43, 1928, 27.15, 5, 41.8, 1893, 0, 0, 1]
['ELG Hoad', 'Legbreak googly', 4, 98, '', 8, '-', '-', '-', 1928, 1933, 62, 3502, 38.91, 53, 35.98, 1896, 1, 0, 2]
['OC Scott', 'Legbreak googly', 8, 171, '', 10, 1405, 925, 22, 1928, 1931, 45, 1317, 24.38, 182, 30.52, 1892, 0, 0, 0]
['EL Bartlett', '', 5, 131, '', 7, '-', '-', '-', 1928, 1931, 42, 1581, 23.25, 0, '-', 1906, 0, 0, 0]
['CV Wight', 'Right arm bowler', 2, 67, '', 3, 30, 6, 0, 1928, 1930, 40, 1547, 30.94, 3, 69.66, 1902, 0, 0, 0]
['FI de Caires', 'Right arm bowler', 3, 232, '', 6, 12, 9, 0, 1930, 1930, 18, 945, 28.63, 1, 48.0, 1909, 0, 0, 0]
['GA Headley', 'Legbreak', 22, 2190, '', 36, 398, 230, 0, 1930, 1954, 103, 9921, 69.86, 51, 36.11, 1909, 1, 0, 0]
['EAC Hunte', '', 3, 166, '', 5, '-', '-', '-', 1930, 1930, 15, 472, 20.52, 0, '-', 1905, 0, 3, 4]
['JED Sealy', 'Right arm medium', 11, 478, '', 17, 156, 94, 3, 1930, 1939, 80, 3831, 30.4, 63, 28.6, 1912, 0, 2, 0]
['EL St Hill', 'Right arm medium', 2, 18, '', 4, 558, 221, 3, 1930, 1930, 17, 274, 11.91, 64, 28.62, 1904, 0, 0, 0]
['LA Walcott', 'Right arm offbreak', 1, 40, '', 1, 48, 32, 1, 1930, 1930, 12, 555, 30.83, 16, 29.5, 1894, 0, 0, 0]
['EE Achong', 'Slow left arm orthodox', 6, 81, '', 10, 918, 378, 8, 1930, 1935, 38, 503, 14.37, 110, 30.23, 1904, 0, 0, 0]
['N Betancourt', '', 1, 52, '', 2, '-', '-', '-', 1930, 1930, 18, 442, 17.0, 1, 98.0, 1887, 0, 0, 0]
['MG Grell', 'Right arm medium', 1, 34, '', 2, 30, 17, 0, 1930, 1930, 10, 489, 28.76, 5, 34.4, 1899, 0, 0, 0]
['CEL Jones', 'Slow left arm orthodox', 4, 63, '', 7, 102, 11, 0, 1930, 1935, 27, 917, 21.83, 24, 44.12, 1902, 0, 0, 3]
['IM Barrow', '', 11, 276, '', 17, '-', '-', '-', 1930, 1939, 68, 2551, 23.84, 0, '-', 1911, 0, 10, 7]
['OC da Costa', 'Right arm medium', 5, 153, '', 8, 372, 175, 3, 1930, 1935, 39, 1563, 29.49, 44, 40.13, 1907, 0, 0, 0]
['G Gladstone', 'Slow left arm orthodox', 1, 12, 14, 0, 300, 189, 1, 1930, 1930, 2, 26, '-', 10, 44.1, 1901, 0, 0, 0]
['CC Passailaigue', '', 1, 46, 157, 1, 12, 15, 0, 1930, 1930, 12, 788, 52.53, 1, 56.0, 1901, 0, 0, 0]
['LS Birkett', 'Right arm medium', 4, 136, '', 8, 126, 71, 1, 1930, 1931, 26, 1295, 33.2, 9, 56.0, 1905, 0, 0, 4]
['GC Grant', 'Right arm fast medium', 12, 413, '', 16, 24, 18, 0, 1930, 1935, 81, 3831, 32.19, 19, 51.0, 1907, 12, 0, 0]
['EA Martindale', 'Right arm fast', 10, 58, '', 11, 1605, 804, 37, 1933, 1939, 59, 972, 15.18, 203, 25.64, 1909, 0, 0, 0]
['CA Merry', '', 2, 34, '', 4, '-', '-', '-', 1933, 1933, 37, 1547, 27.14, 33, 22.6, 1911, 0, 0, 0]
['VA Valentine', 'Right arm fast medium', 2, 35, '', 3, 288, 104, 1, 1933, 1933, 24, 500, 17.85, 49, 40.4, 1908, 0, 0, 0]
['CA Wiles', '', 1, 2, '', 2, '-', '-', '-', 1933, 1933, 38, 1766, 27.59, 0, '-', 1892, 0, 0, 0]
['BJ Sealey', 'Right arm medium', 1, 41, '', 2, 30, 10, 1, 1933, 1933, 51, 2115, 29.37, 78, 25.97, 1899, 0, 0, 0]
['GM Carew', 'Slow left arm orthodox', 4, 170, '', 6, 18, 2, 0, 1935, 1948, 39, 2131, 34.37, 13, 46.15, 1910, 0, 0, 5]
['CM Christiani', '', 4, 98, '', 5, '-', '-', '-', 1935, 1935, 28, 658, 16.45, 0, '-', 1913, 0, 4, 4]
['RS Grant', 'Right arm offbreak', 7, 220, '', 10, 986, 353, 11, 1935, 1939, 48, 1883, 28.53, 79, 25.17, 1909, 3, 0, 6]
['LG Hylton', 'Right arm fast', 6, 70, '', 6, 965, 418, 16, 1935, 1939, 40, 843, 18.73, 120, 25.62, 1905, 0, 0, 1]
['JM Neblett', 'Legbreak', 1, 16, '', 1, 216, 75, 1, 1935, 1935, 20, 526, 18.78, 29, 41.55, 1901, 0, 0, 0]
['KL Wishart', '', 1, 52, '', 2, '-', '-', '-', 1935, 1935, 16, 706, 23.53, 0, '-', 1908, 0, 0, 2]
['RL Fuller', 'Right arm fast medium', 1, 1, '', 1, 48, 12, 0, 1935, 1935, 8, 280, 28.0, 12, 43.66, 1913, 0, 0, 0]
['GH Mudie', 'Slow left arm orthodox', 1, 5, '', 1, 174, 40, 3, 1935, 1935, 19, 578, 22.23, 42, 35.45, 1915, 0, 0, 0]
['JH Cameron', 'Legbreak', 2, 6, '', 3, 232, 88, 3, 1939, 1939, 105, 2772, 18.23, 184, 30.77, 1914, 0, 0, 0]
['CB Clarke', 'Legbreak googly', 3, 3, '', 3, 456, 261, 6, 1939, 1939, 97, 1292, 12.3, 333, 26.37, 1918, 0, 0, 0]
['JB Stollmeyer', 'Legbreak googly', 32, 2159, '', 51, 990, 507, 13, 1939, 1955, 117, 7942, 44.61, 55, 45.12, 1921, 13, 0, 55]
['KH Weekes', 'Left arm bowler', 2, 173, '', 3, '-', '-', '-', 1939, 1939, 30, 1731, 40.25, 12, 38.66, 1912, 0, 0, 0]
['GE Gomez', 'Right arm medium', 29, 1243, '', 41, 5236, 1590, 58, 1939, 1954, 126, 6764, 43.63, 200, 25.26, 1919, 1, 0, 0]
['EAV Williams', 'Right arm fast medium', 4, 113, '', 6, 796, 241, 9, 1939, 1948, 42, 1479, 26.89, 116, 29.19, 1914, 0, 0, 0]
['TF Johnson', 'Left arm fast', 1, 9, '', 0, 240, 129, 3, 1939, 1939, 18, 90, 9.0, 50, 21.5, 1917, 0, 0, 0]
['VH Stollmeyer', 'Legbreak googly', 1, 96, '', 1, '-', '-', '-', 1939, 1939, 33, 2096, 42.77, 15, 40.79, 1916, 0, 0, 0]
['RJ Christiani', 'Right arm offbreak', 22, 896, '', 34, 234, 108, 3, 1948, 1954, 88, 5103, 40.5, 18, 60.44, 1920, 0, 0, 0]
['W Ferguson', 'Legbreak', 8, 200, '', 7, 2568, 1165, 34, 1948, 1954, 49, 1225, 23.55, 165, 31.55, 1917, 0, 0, 1]
['BBM Gaskin', 'Right arm medium', 2, 17, '', 3, 474, 158, 2, 1948, 1948, 41, 782, 14.21, 139, 31.66, 1908, 0, 0, 0]
['JDC Goddard', 'Right arm medium, Right arm offbreak', 27, 859, '', 28, 2931, 1050, 33, 1948, 1957, 111, 3769, 33.35, 146, 26.33, 1919, 22, 0, 4]
['PEW Jones', 'Right arm fast', 9, 47, '', 9, 1842, 751, 25, 1948, 1951, 61, 775, 14.09, 169, 26.81, 1917, 0, 0, 0]
['CL Walcott', 'Right arm fast medium', 44, 3798, '', 67, 1194, 408, 11, 1948, 1960, 146, 11820, 56.55, 35, 36.25, 1926, 0, 15, 3]
['ED Weekes', 'Legbreak', 48, 4455, '', 76, 122, 77, 1, 1948, 1958, 152, 12010, 55.34, 17, 43.0, 1925, 0, 0, 1]
['AG Ganteaume', '', 1, 112, '', 1, '-', '-', '-', 1948, 1948, 50, 2785, 34.81, 0, '-', 1921, 0, 0, 1]
['FMM Worrell', 'Left arm fast medium, Left arm slow', 51, 3860, '', 78, 7141, 2672, 69, 1948, 1963, 208, 15025, 54.24, 349, 28.98, 1924, 15, 0, 6]
['LR Pierre', 'Right arm fast medium', 1, '-', '-', 0, 42, 28, 0, 1948, 1948, 35, 131, 6.23, 102, 24.72, 1921, 0, 0, 0]
['J Trim', 'Right arm fast medium', 4, 21, '', 4, 794, 291, 18, 1948, 1951, 34, 386, 11.69, 96, 30.01, 1915, 0, 0, 0]
['HHH Johnson', 'Right arm fast', 3, 38, '', 4, 789, 238, 13, 1948, 1950, 28, 316, 17.55, 68, 23.36, 1910, 0, 0, 0]
['ESM Kentish', 'Right arm fast medium', 2, 1, '', 1, 540, 178, 8, 1948, 1954, 27, 109, 13.62, 78, 26.71, 1916, 0, 0, 0]
['KR Rickards', 'Legbreak', 2, 104, '', 3, '-', '-', '-', 1948, 1951, 37, 2065, 38.96, 1, 128.0, 1923, 0, 0, 1]
['DS Atkinson', 'Right arm medium, Right arm offbreak', 22, 922, '', 29, 5201, 1647, 47, 1948, 1958, 78, 2812, 28.4, 200, 26.45, 1926, 7, 0, 1]
['FJ Cameron', 'Right arm offbreak', 5, 151, '', 6, 786, 278, 3, 1948, 1949, 21, 551, 25.04, 29, 48.65, 1923, 0, 0, 0]
['AF Rae', '', 15, 1016, '', 22, '-', '-', '-', 1948, 1953, 80, 4798, 39.65, 0, '-', 1922, 0, 0, 24]
['S Ramadhin', 'Right arm offbreak', 43, 361, '', 44, 13939, 4579, 158, 1950, 1960, 184, 1092, 8.66, 758, 20.24, 1929, 0, 0, 0]
['AL Valentine', 'Slow left arm orthodox', 36, 141, '', 30, 12953, 4215, 139, 1950, 1962, 125, 470, 5.0, 475, 26.21, 1930, 0, 0, 0]
['RE Marshall', 'Right arm offbreak', 4, 143, '', 7, 52, 15, 0, 1951, 1952, 602, 35725, 35.94, 176, 28.93, 1930, 0, 0, 4]
['SC Guillen', '', 8, 202, '', 10, '-', '-', '-', 1951, 1956, 66, 2672, 26.98, 1, 49.0, 1924, 0, 8, 1]
['AP Binns', '', 5, 64, '', 7, '-', '-', '-', 1953, 1956, 25, 1446, 37.07, 0, '-', 1929, 0, 5, 2]
['FM King', 'Right arm fast', 14, 116, '', 14, 2869, 1159, 29, 1953, 1956, 31, 237, 9.11, 90, 28.75, 1926, 0, 0, 0]
['BH Pairaudeau', 'Legbreak googly', 13, 454, '', 21, 6, 3, 0, 1953, 1957, 89, 4930, 32.01, 0, '-', 1931, 0, 0, 16]
['RA Legall', '', 4, 50, '', 5, '-', '-', '-', 1953, 1953, 16, 485, 22.04, 0, '-', 1925, 0, 4, 0]
['RC Miller', 'Right arm fast medium', 1, 23, '', 1, 96, 28, 0, 1953, 1953, 8, 231, 25.66, 14, 45.35, 1924, 0, 0, 0]
['GL Wight', '', 1, 21, '', 1, '-', '-', '-', 1953, 1953, 12, 1260, 66.31, 0, '-', 1929, 0, 0, 0]
['AHP Scott', 'Legbreak', 1, 5, '', 1, 264, 140, 0, 1953, 1953, 5, 38, 12.66, 18, 33.0, 1934, 0, 0, 0]
['MC Frederick', 'Right arm medium', 1, 30, '', 2, '-', '-', '-', 1954, 1954, 6, 294, 29.4, 0, '-', 1927, 0, 0, 2]
['JKC Holt', 'Right arm offbreak', 17, 1066, '', 29, 30, 20, 1, 1954, 1959, 71, 4258, 41.33, 5, 35.4, 1923, 0, 0, 28]
['CA McWatt', 'Right arm bowler', 6, 202, '', 7, 24, 16, 1, 1954, 1955, 41, 1673, 28.84, 2, 52.5, 1922, 0, 6, 0]
['GS Sobers', 'Left arm fast medium, Slow left arm orthodox, Left arm wrist spin', 93, 8032, '', 139, 21599, 7999, 235, 1954, 1974, 383, 28314, 54.87, 1043, 27.74, 1936, 39, 0, 8]
['GL Gibbs', 'Slow left arm orthodox', 1, 12, '', 2, 24, 7, 0, 1955, 1955, 28, 1730, 36.8, 23, 53.47, 1925, 0, 0, 2]
['OG Smith', 'Right arm offbreak', 26, 1331, '', 42, 4431, 1625, 48, 1955, 1959, 70, 4031, 40.31, 121, 31.02, 1933, 0, 0, 1]
['LS Butler', 'Right arm fast medium', 1, 16, '', 1, 240, 151, 2, 1955, 1955, 11, 161, 14.63, 29, 33.34, 1929, 0, 0, 0]
['CC Depeiaza', 'Right arm bowler', 5, 187, '', 6, 30, 15, 0, 1955, 1956, 16, 623, 32.78, 0, '-', 1928, 0, 4, 0]
['NE Marshall', 'Right arm offbreak', 1, 8, '', 2, 279, 62, 2, 1955, 1955, 33, 1337, 30.38, 90, 31.72, 1924, 0, 0, 0]
['DT Dewdney', 'Right arm fast', 9, 17, '', 7, 1641, 807, 21, 1955, 1958, 40, 171, 5.7, 92, 30.73, 1933, 0, 0, 0]
['HA Furlonge', '', 3, 99, '', 5, '-', '-', '-', 1955, 1956, 16, 808, 32.32, 0, '-', 1934, 0, 0, 5]
['AT Roberts', '', 1, 28, '', 2, '-', '-', '-', 1956, 1956, 7, 153, 13.9, 0, '-', 1937, 0, 0, 0]
['R Gilchrist', 'Right arm fast', 13, 60, '', 11, 3227, 1521, 57, 1957, 1959, 42, 258, 7.81, 167, 26.0, 1934, 0, 0, 0]
['RB Kanhai', 'Right arm medium', 79, 6227, '', 131, 183, 85, 0, 1957, 1974, 421, 29250, 49.4, 19, 54.68, 1935, 13, 3, 13]
['NS Asgarali', 'Right arm medium', 2, 62, '', 4, '-', '-', '-', 1957, 1957, 50, 2761, 32.86, 23, 42.26, 1920, 0, 0, 3]
['FCM Alexander', '', 25, 961, '', 32, '-', '-', '-', 1957, 1961, 92, 3239, 29.18, 0, '-', 1928, 18, 25, 2]
['ES Atkinson', 'Right arm medium fast', 8, 126, '', 8, 1634, 589, 25, 1958, 1959, 29, 696, 21.75, 61, 26.72, 1927, 0, 0, 0]
['CC Hunte', 'Right arm medium', 44, 3245, '', 72, 270, 110, 2, 1958, 1967, 132, 8916, 43.92, 17, 37.88, 1932, 0, 0, 78]
['LR Gibbs', 'Right arm offbreak', 79, 488, '', 70, 27115, 8989, 309, 1958, 1976, 330, 1729, 8.55, 1024, 27.22, 1934, 0, 0, 0]
['EDAS McMorris', 'Right arm offbreak', 13, 564, '', 21, '-', '-', '-', 1958, 1966, 95, 5906, 42.18, 0, '-', 1935, 0, 0, 21]
['IS Madray', 'Legbreak', 2, 3, '', 3, 210, 108, 0, 1958, 1958, 6, 73, 9.12, 16, 38.87, 1934, 0, 0, 0]
['JO Taylor', 'Right arm fast medium', 3, 4, '', 2, 672, 273, 10, 1958, 1959, 18, 62, 5.63, 50, 26.22, 1932, 0, 0, 0]
['BF Butcher', 'Legbreak', 44, 3104, '', 72, 256, 90, 5, 1958, 1969, 169, 11628, 49.9, 40, 30.42, 1933, 0, 0, 0]
['WW Hall', 'Right arm fast', 48, 818, '', 52, 10421, 5066, 192, 1958, 1969, 170, 2674, 15.1, 546, 26.14, 1937, 0, 0, 0]
['JS Solomon', 'Legbreak', 27, 1326, '', 39, 702, 268, 4, 1958, 1965, 104, 5318, 41.54, 51, 38.23, 1930, 0, 0, 4]
['MR Bynoe', 'Left arm medium', 4, 111, '', 6, 30, 5, 1, 1959, 1967, 56, 3572, 41.05, 9, 27.33, 1941, 0, 0, 6]
['RO Scarlett', 'Right arm offbreak', 3, 54, '', 3, 804, 209, 2, 1960, 1960, 17, 477, 23.85, 48, 34.12, 1934, 0, 0, 0]
['CD Watson', 'Right arm fast', 7, 12, '', 5, 1458, 724, 19, 1960, 1962, 32, 198, 7.61, 85, 32.07, 1938, 0, 0, 0]
['CK Singh', 'Slow left arm orthodox', 2, 11, '', 3, 506, 166, 5, 1960, 1960, 11, 102, 8.5, 48, 23.93, 1935, 0, 0, 0]
['SM Nurse', 'Right arm offbreak', 29, 2523, '', 53, 42, 7, 0, 1960, 1969, 141, 9489, 43.93, 12, 32.41, 1933, 0, 0, 10]
['CC Griffith', 'Right arm fast', 28, 530, '', 32, 5631, 2683, 94, 1960, 1969, 96, 1502, 17.26, 332, 21.6, 1938, 0, 0, 0]
['PD Lashley', 'Right arm medium', 4, 159, '', 7, 18, 1, 1, 1960, 1966, 85, 4932, 41.44, 27, 35.48, 1937, 0, 0, 3]
['CW Smith', '', 5, 222, '', 9, '-', '-', '-', 1960, 1962, 37, 2277, 37.32, 3, 32.33, 1933, 0, 0, 10]
['JL Hendriks', '', 20, 447, '', 24, '-', '-', '-', 1962, 1969, 83, 1568, 17.42, 0, '-', 1933, 0, 20, 0]
['SC Stayers', 'Right arm fast medium', 4, 58, '', 3, 636, 364, 9, 1962, 1962, 17, 485, 28.52, 68, 26.1, 1937, 0, 0, 0]
['IL Mendonca', '', 2, 81, '', 2, '-', '-', '-', 1962, 1962, 10, 407, 31.3, 0, '-', 1934, 0, 2, 0]
['WV Rodriguez', 'Legbreak googly', 5, 96, '', 7, 573, 374, 7, 1962, 1968, 64, 2061, 24.83, 119, 28.08, 1934, 0, 0, 2]
['DW Allan', '', 5, 75, '', 6, '-', '-', '-', 1962, 1966, 54, 764, 14.69, 0, '-', 1937, 0, 5, 0]
['LA King', 'Right arm fast', 2, 41, '', 4, 476, 154, 9, 1962, 1968, 62, 1404, 20.64, 142, 31.42, 1939, 0, 0, 0]
['MC Carew', '', 19, 1127, '', 33, 1174, 437, 8, 1963, 1972, 129, 7810, 38.47, 108, 29.75, 1937, 0, 0, 32]
['DL Murray', 'Legbreak', 62, 1993, '', 87, '-', '-', '-', 1963, 1980, 367, 13292, 28.34, 5, 73.4, 1943, 1, 62, 5]
['AW White', 'Right arm medium, Right arm offbreak', 2, 71, '', 3, 491, 152, 3, 1965, 1965, 31, 996, 25.53, 95, 28.05, 1938, 0, 0, 0]
['BA Davis', 'Right arm offbreak', 4, 245, '', 8, '-', '-', '-', 1965, 1965, 112, 6231, 34.81, 9, 48.22, 1940, 0, 0, 8]
['DAJ Holford', 'Legbreak', 24, 768, '', 34, 4816, 2009, 51, 1966, 1977, 99, 3821, 31.31, 253, 31.99, 1940, 0, 0, 0]
['CH Lloyd', 'Right arm medium', 110, 7515, '', 161, 1716, 622, 10, 1966, 1984, 490, 31232, 49.26, 114, 36.0, 1944, 74, 0, 0]
['GS Camacho', 'Legbreak googly', 11, 640, '', 22, 18, 12, 0, 1968, 1971, 76, 4079, 34.86, 8, 27.0, 1945, 0, 0, 21]
['CA Davis', 'Right arm medium', 15, 1301, '', 24, 894, 330, 2, 1968, 1973, 90, 5538, 41.32, 63, 39.36, 1944, 0, 0, 0]
['RM Edwards', 'Right arm fast', 5, 65, '', 7, 1311, 626, 18, 1968, 1969, 35, 389, 11.78, 78, 36.29, 1940, 0, 0, 0]
['RC Fredericks', 'Left arm wrist spin', 59, 4334, '', 102, 1187, 548, 7, 1968, 1977, 223, 16384, 45.89, 75, 37.94, 1942, 0, 0, 108]
['MLC Foster', 'Right arm offbreak', 14, 580, '', 19, 1776, 600, 9, 1969, 1978, 112, 6731, 45.17, 132, 30.72, 1943, 0, 0, 3]
['VA Holder', 'Right arm fast medium', 40, 682, '', 48, 9095, 3627, 109, 1969, 1979, 313, 3593, 12.97, 950, 24.52, 1945, 0, 0, 0]
['JN Shepherd', 'Right arm medium', 5, 77, '', 8, 1445, 479, 19, 1969, 1971, 423, 13359, 26.34, 1157, 27.71, 1943, 0, 0, 1]
['TM Findlay', '', 10, 212, '', 13, '-', '-', '-', 1969, 1973, 110, 2927, 20.18, 0, '-', 1943, 0, 10, 1]
['GC Shillingford', 'Right arm fast medium', 7, 57, '', 7, 1181, 537, 15, 1969, 1972, 81, 791, 10.14, 217, 26.54, 1944, 0, 0, 0]
['AG Barrett', 'Legbreak googly', 6, 40, '', 6, 1612, 603, 13, 1971, 1975, 57, 1086, 17.51, 169, 31.21, 1944, 0, 0, 0]
['JM Noreiga', 'Right arm offbreak', 4, 11, '', 3, 1322, 493, 17, 1971, 1971, 21, 181, 9.05, 68, 29.67, 1936, 0, 0, 0]
['KD Boyce', 'Right arm fast medium', 21, 657, '', 27, 3501, 1801, 60, 1971, 1976, 285, 8800, 22.39, 852, 25.02, 1943, 0, 0, 0]
['DM Lewis', '', 3, 259, '', 3, '-', '-', '-', 1971, 1971, 36, 1623, 31.82, 0, '-', 1946, 0, 3, 3]
['Inshan Ali', 'Left arm wrist spin', 12, 172, '', 16, 3718, 1621, 34, 1971, 1977, 90, 1341, 13.82, 328, 28.93, 1949, 0, 0, 0]
['UG Dowe', 'Right arm fast', 4, 8, '', 1, 1014, 534, 12, 1971, 1973, 27, 128, 7.11, 97, 27.86, 1949, 0, 0, 0]
['LG Rowe', 'Left arm fast medium', 30, 2047, '', 47, 86, 44, 0, 1972, 1980, 149, 8755, 37.57, 2, 112.0, 1949, 0, 0, 14]
['GA Greenidge', 'Legbreak googly', 5, 209, '', 7, 156, 75, 0, 1972, 1973, 182, 9112, 29.39, 13, 72.92, 1948, 0, 0, 9]
['AB Howard', 'Right arm offbreak', 1, '-', '-', 0, 372, 140, 2, 1972, 1972, 31, 310, 10.0, 85, 27.3, 1946, 0, 0, 0]
['AI Kallicharran', 'Right arm offbreak', 66, 4399, '', 99, 406, 158, 4, 1972, 1980, 505, 32650, 43.64, 84, 47.97, 1949, 9, 0, 1]
['RR Jumadeen', 'Slow left arm orthodox', 12, 84, '', 4, 3140, 1141, 29, 1972, 1979, 99, 604, 8.5, 347, 27.91, 1948, 0, 0, 0]
['ET Willett', 'Slow left arm orthodox', 5, 74, '', 5, 1326, 482, 11, 1973, 1974, 98, 1100, 12.94, 286, 28.43, 1953, 0, 0, 0]
['RGA Headley', 'Legbreak', 2, 62, 268, 4, '-', '-', '-', 1973, 1973, 423, 21695, 31.12, 12, 49.0, 1939, 0, 0, 4]
['BD Julien', 'Left arm medium fast', 24, 866, '', 28, 4542, 1868, 50, 1973, 1977, 195, 5790, 24.53, 483, 28.71, 1950, 0, 0, 2]
['AME Roberts', 'Right arm fast', 47, 762, '', 51, 11135, 5174, 202, 1974, 1983, 228, 3516, 15.69, 889, 21.01, 1951, 0, 0, 0]
['CG Greenidge', 'Right arm medium', 108, 7558, '', 169, 26, 4, 0, 1974, 1991, 523, 37354, 45.88, 18, 26.61, 1951, 1, 0, 182]
['IVA Richards', 'Right arm slow, Right arm offbreak', 121, 8540, '', 170, 5170, 1964, 32, 1974, 1991, 507, 36212, 49.4, 223, 45.15, 1952, 50, 0, 4]
['L Baichan', 'Right arm medium', 3, 184, '', 4, '-', '-', '-', 1975, 1976, 63, 4504, 51.18, 0, '-', 1946, 0, 0, 4]
['MA Holding', 'Right arm fast', 60, 910, '', 66, 12680, 5898, 249, 1975, 1987, 222, 3600, 15.0, 778, 23.43, 1954, 0, 0, 0]
['Imtiaz Ali', 'Legbreak googly', 1, 1, '', 0, 204, 89, 2, 1976, 1976, 46, 558, 11.16, 157, 26.29, 1954, 0, 0, 0]
['AL Padmore', 'Right arm offbreak', 2, 8, 19, 1, 474, 135, 1, 1976, 1976, 68, 562, 13.06, 193, 29.94, 1946, 0, 0, 0]
['WW Daniel', 'Right arm fast', 10, 46, '', 7, 1754, 910, 36, 1976, 1984, 266, 1551, 11.48, 867, 22.47, 1956, 0, 0, 0]
['HA Gomes', 'Right arm offbreak', 60, 3171, '', 80, 2401, 930, 15, 1976, 1987, 231, 12982, 40.56, 107, 39.32, 1953, 0, 0, 0]
['CL King', 'Right arm medium', 9, 418, '', 13, 582, 282, 3, 1976, 1980, 125, 6770, 38.24, 128, 34.21, 1951, 0, 0, 0]
['CEH Croft', 'Right arm fast', 27, 158, '', 15, 6165, 2913, 125, 1977, 1982, 121, 855, 10.42, 428, 24.59, 1953, 0, 0, 0]
['J Garner', 'Right arm fast', 58, 672, '', 54, 13169, 5433, 259, 1977, 1987, 214, 2964, 16.74, 881, 18.53, 1952, 0, 0, 0]
['IT Shillingford', 'Right arm offbreak', 4, 218, '', 7, '-', '-', '-', 1977, 1978, 92, 5449, 36.57, 1, 85.0, 1944, 0, 0, 0]
['RA Austin', '', 2, 22, '', 2, 6, 5, 0, 1978, 1978, 38, 2097, 33.82, 73, 31.21, 1954, 0, 0, 0]
['DL Haynes', '', 116, 7487, '', 177, 18, 8, 1, 1978, 1994, 376, 26030, 45.9, 8, 34.87, 1956, 4, 0, 201]
['DR Parry', 'Right arm offbreak', 12, 381, '', 17, 1909, 936, 23, 1978, 1980, 77, 2552, 26.86, 251, 28.95, 1954, 0, 0, 0]
['ST Clarke', 'Right arm fast', 11, 172, '', 11, 2477, 1170, 42, 1978, 1982, 238, 3269, 14.79, 942, 19.52, 1954, 0, 0, 0]
['AE Greenidge', 'Right arm medium', 6, 222, '', 10, '-', '-', '-', 1978, 1979, 48, 2319, 30.51, 5, 29.4, 1956, 0, 0, 10]
['DA Murray', '', 19, 601, '', 28, '-', '-', '-', 1978, 1982, 114, 4503, 30.84, 0, '-', 1950, 0, 19, 1]
['N Phillip', 'Right arm fast medium', 9, 297, '', 10, 1820, 1041, 28, 1978, 1979, 230, 7013, 23.61, 688, 24.75, 1948, 0, 0, 0]
['S Shivnarine', 'Slow left arm orthodox', 8, 379, '', 13, 336, 167, 1, 1978, 1979, 49, 2182, 32.56, 67, 36.55, 1952, 0, 0, 0]
['AB Williams', '', 7, 469, '', 12, '-', '-', '-', 1978, 1979, 46, 2702, 36.02, 0, '-', 1949, 0, 0, 11]
['SFAF Bacchus', 'Right arm medium', 19, 782, '', 30, 6, 3, 0, 1978, 1982, 111, 5944, 35.17, 8, 24.62, 1954, 0, 0, 18]
['MD Marshall', 'Right arm fast', 81, 1810, '', 96, 17584, 7876, 376, 1978, 1991, 408, 11004, 24.83, 1651, 19.1, 1958, 0, 0, 0]
['HS Chang', 'Right arm medium', 1, 8, '', 2, '-', '-', '-', 1979, 1979, 58, 3273, 35.19, 0, '-', 1952, 0, 0, 0]
['R Nanan', 'Right arm offbreak', 1, 16, 66, 2, 216, 91, 4, 1980, 1980, 94, 2607, 20.85, 366, 23.1, 1953, 0, 0, 0]
['EH Mattis', 'Right arm offbreak', 4, 145, 401, 5, 36, 14, 0, 1981, 1981, 38, 2064, 33.29, 9, 9.88, 1957, 0, 0, 0]
['PJL Dujon', 'Right arm medium', 81, 3322, '', 104, '-', '-', '-', 1981, 1991, 200, 9763, 39.05, 1, 45.0, 1956, 0, 79, 2]
['AL Logie', 'Right arm offbreak', 52, 2470, '', 69, 7, 4, 0, 1983, 1991, 157, 7682, 35.07, 3, 42.66, 1960, 0, 0, 0]
['WW Davis', 'Right arm fast', 15, 202, '', 13, 2773, 1472, 45, 1983, 1988, 181, 2346, 14.13, 608, 28.48, 1958, 0, 0, 0]
['EAE Baptiste', 'Right arm fast medium', 10, 233, '', 10, 1362, 563, 16, 1983, 1990, 245, 8070, 27.73, 723, 24.65, 1960, 0, 0, 0]
['RB Richardson', 'Right arm medium', 86, 5949, '', 134, 66, 18, 0, 1983, 1995, 234, 14618, 40.71, 13, 33.92, 1962, 24, 0, 17]
['RA Harper', 'Right arm offbreak', 25, 535, '', 29, 3615, 1291, 46, 1983, 1993, 200, 7480, 34.0, 567, 25.97, 1963, 0, 0, 0]
['MA Small', 'Right arm fast medium', 2, 3, 3, 0, 270, 153, 4, 1984, 1984, 18, 51, 4.25, 56, 28.23, 1964, 0, 0, 0]
['CA Walsh', 'Right arm fast', 132, 936, 2088, 124, 30019, 12688, 519, 1984, 2001, 429, 4530, 11.32, 1807, 21.71, 1962, 22, 0, 0]
['CG Butts', 'Right arm offbreak', 7, 108, 279, 7, 1554, 595, 10, 1985, 1988, 87, 1431, 15.9, 348, 24.19, 1957, 0, 0, 0]
['CA Best', '', 8, 342, 735, 12, 30, 21, 0, 1986, 1990, 90, 5439, 38.85, 24, 32.16, 1959, 0, 0, 1]
['BP Patterson', 'Right arm fast', 28, 145, 404, 22, 4829, 2874, 93, 1986, 1992, 161, 618, 5.83, 493, 27.51, 1961, 0, 0, 0]
['TRO Payne', '', 1, 5, 6, 1, '-', '-', '-', 1984, 1987, 68, 3391, 36.85, 0, '-', 1957, 0, 1, 0]
['AH Gray', 'Right arm fast', 5, 48, 134, 6, 888, 377, 22, 1986, 1987, 122, 1702, 14.18, 451, 22.8, 1963, 0, 0, 0]
['WKM Benjamin', 'Right arm fast', 21, 470, 781, 25, 3694, 1648, 61, 1987, 1995, 171, 3985, 22.51, 476, 25.96, 1964, 0, 0, 0]
['CL Hooper', 'Right arm offbreak', 102, 5762, 11462, 158, 13794, 5635, 114, 1987, 2002, 339, 23034, 47.68, 555, 35.3, 1966, 22, 0, 6]
['PV Simmons', 'Right arm medium', 26, 1002, 1933, 45, 624, 257, 4, 1988, 1997, 207, 11682, 35.61, 214, 28.68, 1963, 0, 0, 41]
['CEL Ambrose', 'Right arm fast', 98, 1439, 3080, 116, 22103, 8501, 405, 1988, 2000, 239, 3448, 13.95, 941, 20.24, 1963, 0, 0, 0]
['KLT Arthurton', 'Slow left arm orthodox', 33, 1382, 3396, 45, 473, 183, 1, 1988, 1995, 129, 7926, 45.29, 31, 38.48, 1965, 0, 0, 1]
['IR Bishop', 'Right arm fast', 43, 632, 1743, 52, 8407, 3909, 161, 1989, 1998, 159, 2639, 15.52, 549, 23.06, 1967, 0, 0, 0]
['EA Moseley', 'Right arm fast medium', 2, 35, 60, 4, 522, 261, 6, 1990, 1990, 76, 1431, 17.45, 279, 23.31, 1958, 0, 0, 0]
['BC Lara', 'Legbreak googly', 131, 11953, 19753, 226, 60, 28, 0, 1990, 2006, 261, 22156, 51.88, 4, 104.0, 1969, 47, 0, 2]
['IBA Allen', 'Right arm fast medium', 2, 5, 15, 0, 282, 180, 5, 1991, 1991, 46, 506, 11.76, 98, 38.11, 1965, 0, 0, 0]
['CB Lambert', 'Right arm offbreak', 5, 284, 706, 9, 10, 5, 1, 1991, 1998, 120, 8405, 42.88, 7, 33.57, 1962, 0, 0, 7]
['JC Adams', 'Slow left arm orthodox', 54, 3012, 8017, 73, 2853, 1336, 27, 1992, 2001, 202, 11234, 39.69, 103, 40.39, 1968, 15, 0, 1]
['KCG Benjamin', 'Right arm fast', 26, 222, 534, 28, 5132, 2785, 92, 1992, 1998, 108, 1199, 11.64, 403, 23.71, 1967, 0, 0, 0]
['D Williams', 'Legbreak', 11, 242, 754, 18, '-', '-', '-', 1992, 1998, 124, 3063, 18.79, 0, '-', 1963, 0, 11, 0]
['JR Murray', '', 33, 918, 1670, 41, '-', '-', '-', 1993, 2002, 149, 6830, 30.9, 0, '-', 1968, 0, 31, 4]
['AC Cummins', 'Right arm fast medium', 5, 98, 233, 5, 618, 342, 8, 1993, 1994, 66, 1672, 20.14, 192, 31.58, 1966, 0, 0, 0]
['S Chanderpaul', 'Legbreak', 164, 11867, 27395, 231, 1740, 883, 9, 1994, 2015, 385, 27545, 53.17, 60, 42.2, 1974, 14, 0, 2]
['SC Williams', 'Right arm medium', 31, 1183, 2367, 49, 18, 19, 0, 1994, 2002, 151, 9517, 40.67, 2, 66.0, 1969, 0, 0, 47]
['CE Cuffy', 'Right arm fast', 15, 58, 255, 14, 3366, 1455, 43, 1994, 2002, 86, 375, 5.06, 252, 26.0, 1970, 0, 0, 0]
['R Dhanraj', 'Legbreak googly', 4, 17, 124, 4, 1087, 595, 8, 1994, 1996, 78, 550, 8.46, 295, 27.1, 1969, 0, 0, 0]
['SL Campbell', 'Right arm medium', 52, 2882, 7159, 89, '-', '-', '-', 1995, 2002, 177, 10873, 36.98, 2, 88.0, 1970, 0, 0, 91]
['CO Browne', '', 20, 387, 967, 24, '-', '-', '-', 1995, 2005, 139, 4914, 27.76, 0, '-', 1970, 0, 20, 0]
['OD Gibson', 'Right arm fast', 2, 93, 174, 4, 472, 275, 3, 1995, 1999, 177, 5604, 24.25, 659, 27.79, 1969, 0, 0, 0]
['RG Samuels', '', 6, 372, 855, 10, '-', '-', '-', 1996, 1997, 106, 5529, 31.77, 0, '-', 1971, 0, 0, 12]
['PIC Thompson', 'Right arm fast medium', 2, 17, 34, 2, 228, 215, 5, 1996, 1997, 29, 97, 4.21, 70, 34.04, 1971, 0, 0, 0]
['AFG Griffith', 'Right arm medium', 14, 638, 2060, 26, '-', '-', '-', 1997, 2000, 79, 4044, 29.95, 0, '-', 1971, 0, 0, 27]
['RIC Holder', 'Right arm medium', 11, 380, 964, 15, '-', '-', '-', 1997, 1999, 105, 5945, 37.86, 0, '-', 1967, 0, 0, 0]
['FA Rose', 'Right arm fast', 19, 344, 666, 26, 3124, 1637, 53, 1997, 2000, 94, 1426, 13.08, 296, 26.51, 1972, 0, 0, 0]
['M Dillon', 'Right arm fast medium', 38, 549, 1381, 65, 8704, 4398, 131, 1997, 2004, 91, 1049, 8.25, 291, 29.2, 1974, 0, 0, 0]
['FL Reifer', 'Right arm medium', 6, 111, 345, 12, '-', '-', '-', 1997, 2009, 154, 7641, 30.68, 1, 156.0, 1972, 2, 0, 0]
['RN Lewis', 'Legbreak googly', 5, 89, 196, 10, 883, 456, 4, 1997, 2008, 131, 4694, 24.07, 325, 31.55, 1974, 0, 0, 0]
['PA Wallace', 'Right arm medium', 7, 279, 482, 13, '-', '-', '-', 1997, 1999, 107, 6670, 36.25, 0, '-', 1970, 0, 0, 13]
['NAM McLean', 'Right arm fast', 19, 368, 738, 30, 3299, 1873, 44, 1998, 2001, 149, 2527, 13.51, 506, 27.51, 1973, 0, 0, 0]
['D Ramnarine', 'Legbreak googly', 12, 106, 427, 17, 3495, 1383, 45, 1998, 2002, 68, 773, 9.31, 252, 25.6, 1975, 0, 0, 0]
['RD Jacobs', '', 65, 2577, 5391, 91, '-', '-', '-', 1998, 2004, 157, 7518, 38.75, 0, '-', 1967, 2, 65, 0]
['D Ganga', 'Right arm offbreak', 48, 2160, 5556, 84, 186, 106, 1, 1998, 2008, 172, 10137, 37.13, 4, 83.5, 1979, 2, 0, 66]
['RD King', 'Right arm fast medium', 19, 66, 319, 19, 3442, 1733, 53, 1999, 2005, 95, 444, 5.84, 293, 27.48, 1975, 0, 0, 0]
['PT Collins', 'Left arm fast medium', 32, 235, 701, 40, 6964, 3671, 106, 1999, 2006, 148, 871, 6.5, 501, 26.01, 1976, 0, 0, 0]
['DRE Joseph', 'Right arm medium fast', 4, 141, 322, 7, '-', '-', '-', 1999, 1999, 58, 2587, 30.08, 0, '-', 1969, 0, 0, 0]
['S Ragoonath', 'Right arm offbreak', 2, 13, 42, 3, '-', '-', '-', 1999, 1999, 66, 3261, 29.11, 0, '-', 1968, 0, 0, 4]
['NO Perry', 'Right arm offbreak', 4, 74, 180, 6, 804, 446, 10, 1999, 1999, 99, 2592, 20.09, 299, 25.04, 1968, 0, 0, 0]
['LA Roberts', 'Right arm medium', 1, 0, 7, 1, '-', '-', '-', 1999, 1999, 51, 2279, 27.13, 3, 50.66, 1974, 0, 0, 0]
['CD Collymore', 'Right arm fast medium', 30, 197, 642, 25, 6337, 3004, 93, 1999, 2007, 167, 913, 7.6, 492, 26.85, 1977, 0, 0, 0]
['RL Powell', 'Right arm offbreak', 2, 53, 76, 3, 78, 49, 0, 1999, 2004, 37, 1584, 27.31, 13, 51.69, 1978, 0, 0, 0]
['CH Gayle', 'Right arm offbreak', 103, 7214, 11970, 171, 7109, 3120, 73, 2000, 2014, 180, 13226, 44.83, 132, 39.34, 1979, 20, 0, 173]
['WW Hinds', 'Right arm medium', 45, 2608, 5459, 79, 1123, 590, 16, 2000, 2005, 175, 10110, 36.36, 50, 37.44, 1976, 0, 0, 46]
['RR Sarwan', 'Legbreak', 87, 5842, 12484, 146, 2022, 1163, 23, 2000, 2011, 220, 13405, 38.52, 56, 41.98, 1980, 4, 0, 0]
['MV Nagamootoo', 'Legbreak googly', 5, 185, 352, 7, 1494, 637, 12, 2000, 2002, 102, 2587, 19.02, 370, 29.22, 1975, 0, 0, 0]
['MI Black', 'Right arm fast medium', 6, 21, 126, 8, 954, 597, 12, 2000, 2002, 55, 374, 6.67, 166, 29.46, 1975, 0, 0, 0]
['MN Samuels', 'Right arm offbreak', 71, 3917, 8219, 120, 4392, 2445, 41, 2000, 2016, 122, 7295, 36.65, 71, 55.05, 1981, 0, 0, 0]
['CEL Stuart', 'Right arm fast medium', 6, 24, 142, 7, 1116, 628, 20, 2000, 2001, 52, 352, 7.48, 144, 30.09, 1973, 0, 0, 0]
['NC McGarrell', 'Slow left arm orthodox', 4, 61, 215, 4, 1212, 453, 17, 2001, 2001, 84, 2127, 21.48, 276, 26.27, 1972, 0, 0, 0]
['LV Garrick', 'Right arm medium', 1, 27, 76, 2, '-', '-', '-', 2001, 2001, 57, 3121, 32.17, 1, 4.0, 1976, 0, 0, 2]
['RO Hinds', 'Slow left arm orthodox', 15, 505, 1245, 24, 1743, 870, 13, 2002, 2009, 121, 6828, 38.14, 233, 26.94, 1981, 0, 0, 0]
['A Sanford', 'Right arm fast medium', 11, 72, 328, 15, 2217, 1316, 30, 2002, 2004, 57, 453, 7.42, 198, 30.92, 1975, 0, 0, 0]
['DBL Powell', 'Right arm fast medium', 37, 407, 1141, 52, 7077, 4068, 85, 2002, 2009, 102, 1525, 12.6, 276, 33.76, 1978, 0, 0, 0]
['GR Breese', 'Right arm offbreak', 1, 5, 26, 2, 188, 135, 2, 2002, 2002, 125, 4693, 26.36, 287, 30.26, 1976, 0, 0, 0]
['JJC Lawson', 'Right arm fast medium', 13, 52, 177, 15, 2364, 1512, 51, 2002, 2005, 54, 434, 8.18, 174, 29.31, 1982, 0, 0, 0]
['VC Drakes', 'Right arm fast', 12, 386, 819, 18, 2617, 1362, 33, 2002, 2004, 164, 4774, 21.12, 614, 26.16, 1969, 0, 0, 0]
['DS Smith', 'Right arm offbreak', 43, 1760, 3834, 74, 6, 3, 0, 2003, 2018, 217, 14681, 39.78, 5, 57.8, 1981, 0, 0, 68]
['CS Baugh', 'Legbreak googly', 21, 610, 1220, 34, '-', '-', '-', 2003, 2012, 121, 5705, 31.51, 0, '-', 1982, 0, 20, 0]
['DE Bernard', 'Right arm medium fast', 3, 202, 380, 5, 258, 185, 4, 2003, 2009, 127, 5048, 25.75, 227, 27.83, 1981, 0, 0, 0]
['OAC Banks', 'Right arm offbreak', 10, 318, 817, 12, 2401, 1367, 28, 2003, 2005, 80, 2757, 25.52, 204, 37.06, 1982, 0, 0, 0]
['TL Best', 'Right arm fast', 25, 401, 706, 32, 3716, 2291, 57, 2003, 2013, 121, 1593, 12.06, 330, 29.37, 1981, 0, 0, 0]
['JE Taylor', 'Right arm fast', 46, 856, 1368, 66, 7757, 4480, 130, 2003, 2016, 103, 1595, 11.72, 326, 25.76, 1984, 0, 0, 0]
['FH Edwards', 'Right arm fast', 55, 394, 1397, 60, 9602, 6249, 165, 2003, 2012, 138, 789, 6.8, 455, 30.22, 1982, 0, 0, 0]
['D Mohammed', 'Left arm wrist spin', 5, 225, 314, 7, 1065, 668, 13, 2004, 2006, 73, 1571, 16.71, 233, 27.11, 1979, 0, 0, 0]
['DR Smith', 'Right arm medium', 10, 320, 457, 13, 651, 344, 7, 2004, 2006, 88, 3852, 28.74, 138, 30.95, 1983, 0, 0, 0]
['DJ Bravo', 'Right arm medium', 40, 2200, 4527, 70, 6466, 3426, 86, 2004, 2010, 100, 5302, 30.64, 177, 33.43, 1983, 1, 0, 1]
['SC Joseph', 'Right arm offbreak', 5, 147, 389, 10, 12, 8, 0, 2004, 2007, 96, 4919, 30.55, 4, 50.75, 1978, 0, 0, 6]
['N Deonarine', 'Right arm offbreak', 18, 725, 1728, 28, 1503, 713, 24, 2005, 2013, 136, 7467, 35.38, 170, 31.54, 1983, 0, 0, 0]
['DJ Pagon', '', 2, 37, 98, 3, '-', '-', '-', 2005, 2005, 59, 2954, 30.14, 0, '-', 1982, 0, 0, 0]
['DM Washington', 'Right arm fast', 1, 7, 25, 0, 174, 93, 0, 2004, 2005, 18, 206, 12.87, 48, 20.97, 1983, 0, 0, 0]
['XM Marshall', 'Right arm offbreak', 7, 243, 488, 12, 12, 0, 0, 2005, 2009, 34, 1397, 23.67, 0, '-', 1986, 0, 0, 7]
['RS Morton', 'Right arm medium, Right arm offbreak', 15, 573, 1192, 26, 66, 50, 0, 2005, 2008, 95, 5980, 39.6, 8, 36.25, 1978, 0, 0, 0]
['D Ramdin', '', 74, 2898, 5945, 112, '-', '-', '-', 2005, 2016, 161, 7115, 30.02, 0, '-', 1985, 13, 74, 1]
['RR Ramdass', 'Right arm offbreak', 1, 26, 51, 2, '-', '-', '-', 2004, 2005, 21, 1042, 30.64, 2, 12.5, 1983, 0, 0, 2]
['IDR Bradshaw', 'Left arm fast medium', 5, 96, 356, 7, 1021, 540, 9, 2006, 2006, 45, 1213, 21.66, 157, 25.56, 1974, 0, 0, 0]
['DJG Sammy', 'Right arm medium', 38, 1323, 1949, 61, 6215, 3007, 84, 2007, 2013, 96, 3549, 23.81, 217, 29.08, 1983, 30, 0, 0]
['BA Parchment', 'Right arm offbreak', 2, 55, 164, 4, '-', '-', '-', 2008, 2008, 67, 3111, 26.58, 3, 42.33, 1982, 0, 0, 4]
['SJ Benn', 'Slow left arm orthodox', 26, 486, 802, 34, 7321, 3402, 87, 2008, 2015, 99, 2059, 17.01, 379, 26.73, 1981, 0, 0, 0]
['S Chattergoon', 'Legbreak', 4, 127, 289, 7, '-', '-', '-', 2008, 2008, 76, 3836, 29.73, 10, 26.2, 1981, 0, 0, 6]
['AS Jaggernauth', 'Right arm offbreak', 1, 0, 8, 1, 138, 96, 1, 2008, 2008, 69, 722, 11.46, 265, 24.55, 1983, 0, 0, 0]
['LS Baker', 'Right arm medium fast', 4, 23, 55, 2, 660, 395, 5, 2008, 2009, 37, 422, 10.29, 94, 30.7, 1984, 0, 0, 0]
['BP Nash', 'Left arm medium', 21, 1103, 2548, 33, 492, 247, 2, 2008, 2011, 139, 7752, 38.95, 23, 34.82, 1977, 0, 0, 0]
['LMP Simmons', 'Right arm medium fast', 8, 278, 593, 16, 192, 147, 1, 2009, 2011, 97, 5436, 33.34, 17, 34.41, 1985, 0, 0, 11]
['RA Austin', 'Right arm offbreak', 2, 39, 216, 4, 326, 155, 3, 2009, 2009, 74, 913, 10.14, 317, 23.18, 1981, 0, 0, 0]
['TM Dowlin', 'Right arm offbreak', 6, 343, 742, 11, 6, 3, 0, 2009, 2010, 85, 4013, 30.17, 15, 26.8, 1977, 0, 0, 5]
['NO Miller', 'Slow left arm orthodox', 1, 5, 57, 2, 132, 67, 0, 2008, 2018, 100, 2296, 17.52, 538, 16.31, 1982, 0, 0, 0]
['OJ Phillips', 'Right arm medium fast, Legbreak', 2, 160, 312, 4, '-', '-', '-', 2009, 2009, 57, 2524, 26.56, '-', '-', 1986, 0, 0, 4]
['DM Richards', 'Right arm medium', 3, 125, 165, 6, '-', '-', '-', 2009, 2010, 52, 3267, 36.29, 0, '-', 1976, 0, 0, 6]
['KAJ Roach', 'Right arm fast medium', 63, 921, 2414, 80, 11500, 5933, 214, 2009, 2021, 128, 1830, 13.16, 415, 25.96, 1988, 0, 0, 0]
['CAK Walton', '', 2, 13, 20, 4, '-', '-', '-', 2009, 2009, 87, 3879, 27.51, 4, 21.25, 1985, 0, 2, 0]
['AB Barath', 'Right arm offbreak', 15, 657, 1388, 28, 6, 4, 0, 2009, 2012, 58, 3176, 32.4, 0, '-', 1990, 0, 0, 28]
['R Rampaul', 'Right arm fast medium', 18, 335, 629, 23, 3440, 1705, 49, 2009, 2012, 92, 1317, 12.91, 274, 29.78, 1984, 0, 0, 0]
['GC Tonge', 'Right arm fast medium', 1, 25, 26, 1, 168, 113, 1, 2009, 2009, 87, 1792, 14.11, 249, 26.78, 1983, 0, 0, 0]
['NT Pascal', 'Right arm fast', 2, 12, 27, 2, 102, 59, 0, 2010, 2010, 57, 411, 6.52, 154, 30.2, 1987, 0, 0, 0]
['S Shillingford', 'Right arm offbreak', 16, 266, 628, 20, 4694, 2419, 70, 2010, 2014, 132, 2667, 14.41, 587, 24.32, 1983, 0, 0, 0]
['BJ Bess', 'Right arm fast medium', 1, 11, 12, 1, 78, 92, 1, 2008, 2012, 32, 206, 7.62, 56, 40.33, 1987, 0, 0, 0]
['DM Bravo', 'Right arm medium', 56, 3538, 7886, 97, 6, 2, 0, 2010, 2020, 102, 5997, 35.91, 4, 37.25, 1989, 0, 0, 1]
['AD Russell', 'Right arm fast', 1, 2, 9, 1, 138, 104, 1, 2011, 2019, 17, 609, 26.47, 54, 20.44, 1988, 0, 0, 0]
['D Bishoo', 'Legbreak', 36, 707, 1903, 46, 8067, 4350, 117, 2011, 2018, 103, 1685, 12.48, 387, 28.96, 1985, 0, 0, 0]
['KC Brathwaite', 'Right arm offbreak', 68, 4113, 10097, 123, 2138, 1146, 21, 2011, 2021, 171, 10937, 38.24, 32, 49.0, 1992, 9, 0, 129]
['KA Edwards', 'Right arm offbreak', 17, 986, 2052, 31, 24, 19, 0, 2011, 2014, 99, 5447, 33.41, 0, '-', 1984, 0, 0, 5]
['KOA Powell', 'Right arm medium, Right arm offbreak', 40, 2011, 3930, 75, 6, 0, 0, 2011, 2018, 126, 6793, 31.01, 11, 41.09, 1990, 0, 0, 61]
['ST Gabriel', 'Right arm fast', 54, 217, 612, 50, 8785, 4942, 157, 2012, 2021, 112, 487, 5.23, 313, 30.16, 1988, 0, 0, 0]
